 3.475749477468654  0.9270212615879281 270 1_2
 3.7907504811576334  0.9256153194805556 268 1_3
 3.9010571485197256  0.92626413824248 343 1_4
 3.6973660995723505  0.9252042290190561 326 1_5
 2.796389733933083  0.9266112601275859 352 1_6
 3.797654057084321  0.927433129637272 341 1_7
 4.0580917972355435  0.926158372621354 269 1_8
 5.067249770213152  0.9266641283951558 326 1_9
 3.579808657662698  0.9260177827984087 294 1_10
 3.422618913259061  0.9266154408226974 329 2_3
 4.199955082137406  0.9257726156564834 222 2_4
 4.451595647901775  0.9269452207225009 287 2_5
 3.4542160846257755  0.9254307555209392 248 2_6
 4.5709749902182235  0.9262075216216719 204 2_7
 4.348509279553705  0.9272927021296058 318 2_8
 5.805198069294701  0.9262676760029488 189 2_9
 3.8473731011280043  0.9257426337677144 359 2_10
 4.842191394918418  0.9254727871970027 250 3_4
 3.765077918078074  0.9250241659228575 306 3_5
 3.1924405970361605  0.9255879605912503 279 3_6
 4.566831354431185  0.9261785688945657 241 3_7
 4.79054706353458  0.9259311274913897 309 3_8
 6.420747214609501  0.9268366529964629 271 3_9
 3.5561220482754154  0.9256899928193018 338 3_10
 4.1958260381536485  0.9250787936133542 303 4_5
 3.8238503606973073  0.9264278177453167 345 4_6
 3.2707967283557653  0.9256774065485978 346 4_7
 6.108474310043941  0.925763521318608 268 4_8
 5.20128666982838  0.9254694375165682 313 4_9
 3.1022571398213206  0.9258539572305214 254 4_10
 3.246961827090881  0.9267085686084522 301 5_6
 3.954268058686906  0.9262952958501482 286 5_7
 5.726806082380946  0.9251278740646544 308 5_8
 6.1396491593431195  0.9252301821964635 294 5_9
 3.5495514292051  0.9256983551371276 301 5_10
 2.9057172207915407  0.9263864474308897 359 6_7
 5.095432608877286  0.9250870975483506 234 6_8
 5.696561156373564  0.9250196159701201 354 6_9
 2.7602215960751795  0.9256812981638821 269 6_10
 6.165544932175085  0.9254597625985617 212 7_8
 6.331168177825305  0.9250329717984977 344 7_9
 2.879162859771354  0.9266619294407588 230 7_10
 5.578051821270072  0.9252875517497284 196 8_9
 5.613280664336723  0.9257710394328391 352 8_10
 6.090944169137327  0.9259405205180165 219 9_10
