  6:      6.57   0.000020    0.10  0.000967  ( 0.001386 -0.022188  0.021753)
  7:      7.65   0.000023    0.12  0.000932  ( 0.004220  0.018523 -0.023893)
  8:      9.13   0.000146    0.74  0.004991  (-0.024471  0.019672  0.063285)
  9:      9.86   0.000152    0.77  0.004813  ( 0.021940 -0.061308 -0.023944)
 10:     11.59   0.000173    0.87  0.004653  (-0.025545  0.053919  0.033058)
 11:     13.73   0.000235    1.19  0.005335  (-0.023185 -0.012444  0.068134)
 12:     17.16   0.000220    1.11  0.004000  (-0.016757  0.059404  0.013796)
 13:     20.23   0.000269    1.36  0.004150  ( 0.023064 -0.055853 -0.022322)
 14:     23.07   0.000106    0.54  0.001433  ( 0.005088 -0.037503  0.000642)
 15:     26.32   0.000165    0.83  0.001954  ( 0.013099  0.023050 -0.035370)
 16:     30.23   0.000121    0.61  0.001245  (-0.004177  0.020454  0.028455)
 17:     30.67   0.000377    1.91  0.003839  (-0.013962  0.043443  0.041918)
 18:     35.06   0.000018    0.09  0.000163  (-0.003981 -0.011982 -0.001841)
 19:     36.82   0.000416    2.10  0.003523  ( 0.005294  0.023245 -0.054360)
 20:     39.20   0.000021    0.10  0.000164  (-0.002967  0.007560  0.009894)
 21:     42.26   0.000046    0.23  0.000339  (-0.001256 -0.002064 -0.018239)
 22:     45.87   0.000125    0.63  0.000853  (-0.003262  0.015447 -0.024571)
 23:     48.40   0.000069    0.35  0.000447  ( 0.008144  0.019496 -0.000485)
 24:     48.97   0.000085    0.43  0.000542  (-0.002917  0.003076 -0.022896)
 25:     51.06   0.000037    0.19  0.000228  (-0.006729 -0.011370  0.007294)
 26:     55.06   0.000112    0.57  0.000637  ( 0.014862  0.009592  0.017997)
 27:     61.22   0.000189    0.95  0.000962  (-0.019438 -0.020248  0.013209)
 28:     69.45   0.000244    1.23  0.001096  (-0.011621 -0.003549 -0.030788)
 29:     69.62   0.000208    1.05  0.000930  ( 0.012985 -0.021039 -0.017866)
 30:     74.42   0.000109    0.55  0.000459  ( 0.010923 -0.017330  0.006280)
 31:     76.18   0.000336    1.70  0.001377  (-0.013493 -0.020201 -0.028052)
 32:     81.36   0.000522    2.64  0.002000  ( 0.005984 -0.044305  0.001304)
 33:     85.49   0.000158    0.80  0.000577  ( 0.019349 -0.000820  0.014225)
 34:     91.05   0.000034    0.17  0.000118  (-0.003981 -0.003028 -0.009637)
 35:     97.10   0.000947    4.78  0.003042  (-0.041395  0.034443 -0.011934)
 36:    100.14   0.000159    0.80  0.000496  ( 0.002061 -0.022158 -0.000765)
 37:    105.62   0.000047    0.24  0.000138  ( 0.005806 -0.006634 -0.007734)
 38:    107.91   0.000019    0.10  0.000055  (-0.003608  0.005709 -0.003046)
 39:    108.50   0.000014    0.07  0.000040  ( 0.002403  0.004160 -0.004172)
 40:    112.17   0.000225    1.14  0.000625  (-0.020310 -0.013292  0.006019)
 41:    119.01   0.000252    1.27  0.000661  (-0.021254 -0.014112  0.003156)
 42:    121.45   0.000630    3.19  0.001620  (-0.030602 -0.025642  0.005055)
 43:    128.08   0.001621    8.19  0.003951  (-0.053017 -0.026893  0.020410)
 44:    135.50   0.000041    0.21  0.000094  (-0.004671  0.001858 -0.008284)
 45:    138.20   0.000245    1.24  0.000554  ( 0.021744  0.008376 -0.003248)
 46:    143.43   0.000075    0.38  0.000162  (-0.005189 -0.007129 -0.009205)
 47:    145.25   0.000027    0.14  0.000059  (-0.000822 -0.005039  0.005705)
 48:    156.61   0.000229    1.16  0.000456  (-0.019317 -0.007371  0.005321)
 49:    158.51   0.000061    0.31  0.000120  ( 0.009770  0.003888 -0.003148)
 50:    162.91   0.000354    1.79  0.000679  (-0.013605 -0.008153  0.020663)
 51:    169.63   0.002135   10.79  0.003927  (-0.061407 -0.009830  0.007711)
 52:    171.74   0.000302    1.53  0.000550  ( 0.021660  0.004368  0.007837)
 53:    189.91   0.000215    1.09  0.000354  (-0.011682  0.003970 -0.014204)
 54:    193.27   0.000012    0.06  0.000020  ( 0.002238 -0.002099  0.003262)
 55:    197.48   0.001837    9.28  0.002903  ( 0.020397  0.005922  0.049518)
 56:    199.16   0.000051    0.26  0.000081  ( 0.001721  0.003834  0.007928)
 57:    213.96   0.000078    0.39  0.000113  (-0.005140 -0.003470  0.008640)
 58:    230.75   0.000098    0.50  0.000133  ( 0.006446  0.007754 -0.005559)
 59:    239.99   0.000012    0.06  0.000016  ( 0.002165  0.002692 -0.002045)
 60:    246.59   0.000405    2.05  0.000513  ( 0.022428 -0.001311 -0.002885)
 61:    248.19   0.000282    1.43  0.000355  (-0.007511  0.010116 -0.013999)
 62:    254.17   0.000016    0.08  0.000019  ( 0.001840 -0.003848  0.001105)
 63:    257.65   0.000211    1.06  0.000255  ( 0.012170  0.004362 -0.009378)
 64:    259.03   0.000010    0.05  0.000012  ( 0.001639  0.002024  0.002223)
 65:    262.98   0.000658    3.32  0.000781  ( 0.027197  0.006155  0.001756)
 66:    264.77   0.000013    0.06  0.000015  (-0.000144 -0.003777  0.000784)
 67:    268.67   0.000189    0.95  0.000219  (-0.012425 -0.004758 -0.006506)
 68:    272.23   0.000002    0.01  0.000002  ( 0.001242 -0.000384  0.000530)
 69:    273.36   0.000014    0.07  0.000016  ( 0.000218 -0.003962 -0.000341)
 70:    275.52   0.000026    0.13  0.000030  (-0.001041 -0.001062 -0.005263)
 71:    280.66   0.000225    1.14  0.000251  (-0.013868  0.006130  0.004541)
 72:    281.61   0.000493    2.49  0.000546  ( 0.019072  0.003755 -0.012969)
 73:    291.00   0.000319    1.61  0.000342  ( 0.011010  0.004482 -0.014161)
 74:    297.75   0.000072    0.36  0.000075  ( 0.007061 -0.001959 -0.004649)
 75:    299.44   0.000045    0.23  0.000047  ( 0.002211  0.005623  0.003294)
 76:    313.81   0.000083    0.42  0.000082  ( 0.002150  0.005568 -0.006824)
 77:    318.29   0.000072    0.37  0.000071  ( 0.005275 -0.006555  0.000286)
 78:    325.91   0.000033    0.17  0.000032  (-0.000342 -0.000864 -0.005542)
 79:    332.18   0.000400    2.02  0.000375  (-0.011982 -0.002937  0.014940)
 80:    336.88   0.000848    4.28  0.000785  ( 0.020404  0.010664 -0.015971)
 81:    343.74   0.001692    8.55  0.001536  ( 0.018195  0.011111 -0.032889)
 82:    352.83   0.000098    0.49  0.000086  (-0.005929  0.000985  0.007085)
 83:    357.89   0.002513   12.70  0.002191  (-0.039334 -0.005086  0.024868)
 84:    361.52   0.000639    3.23  0.000551  (-0.013131 -0.011467  0.015729)
 85:    373.05   0.000395    2.00  0.000331  (-0.008776 -0.014719  0.006093)
 86:    380.90   0.000416    2.10  0.000341  (-0.016990 -0.001741  0.007010)
 87:    400.56   0.000105    0.53  0.000082  ( 0.001446  0.005213  0.007247)
 88:    415.55   0.005292   26.75  0.003974  ( 0.059877  0.018829 -0.005892)
 89:    419.46   0.001637    8.27  0.001218  ( 0.026869  0.000943 -0.022257)
 90:    427.67   0.000470    2.37  0.000343  ( 0.017814 -0.004937  0.000958)
 91:    434.25   0.000706    3.57  0.000507  (-0.000911 -0.001363 -0.022460)
 92:    440.29   0.000335    1.69  0.000237  (-0.013513  0.003972  0.006232)
 93:    442.10   0.000721    3.64  0.000509  ( 0.010356  0.014363 -0.013974)
 94:    446.67   0.001323    6.68  0.000924  ( 0.021216  0.010094 -0.019288)
 95:    451.92   0.001169    5.91  0.000807  ( 0.015402  0.007138 -0.022783)
 96:    456.24   0.000044    0.22  0.000030  (-0.002563  0.004047 -0.002625)
 97:    457.42   0.005943   30.03  0.004055  ( 0.050227  0.021564 -0.032661)
 98:    458.35   0.001435    7.25  0.000977  ( 0.012224  0.001528 -0.028724)
 99:    489.08   0.002323   11.74  0.001483  (-0.001412  0.005910 -0.038021)
100:    493.36   0.000051    0.26  0.000032  ( 0.002376 -0.005071  0.000811)
101:    512.04   0.000321    1.62  0.000196  (-0.009897 -0.009851 -0.000876)
102:    522.22   0.002228   11.26  0.001332  (-0.023170 -0.027944  0.003740)
103:    543.71   0.000393    1.98  0.000225  (-0.014137  0.000882  0.004968)
104:    555.20   0.001094    5.53  0.000615  (-0.024561  0.003004  0.001648)
105:    559.23   0.000409    2.07  0.000228  ( 0.002715  0.003191 -0.014514)
106:    569.11   0.044680  225.79  0.024499  (-0.120323  0.015198 -0.098949)
107:    581.26   0.002811   14.21  0.001509  (-0.030007 -0.023967 -0.005868)
108:    582.85   0.004051   20.47  0.002169  ( 0.030584  0.016605 -0.030950)
109:    589.03   0.001065    5.38  0.000564  (-0.008206  0.009057 -0.020373)
110:    593.14   0.000166    0.84  0.000087  ( 0.007665 -0.003255  0.004253)
111:    624.70   0.001291    6.52  0.000645  (-0.023111  0.002064  0.010324)
112:    652.24   0.009519   48.11  0.004554  ( 0.057812 -0.019639 -0.028749)
113:    675.05   0.000259    1.31  0.000120  ( 0.003675 -0.006871 -0.007674)
114:    688.38   0.007122   35.99  0.003229  (-0.056234  0.003960  0.007124)
115:    702.86   0.037578  189.90  0.016684  ( 0.113014  0.051456 -0.035556)
116:    722.29   0.000213    1.08  0.000092  (-0.006833  0.006076 -0.002900)
117:    726.09   0.000866    4.38  0.000372  ( 0.000522 -0.011067  0.015791)
118:    727.10   0.000958    4.84  0.000411  (-0.009665 -0.004689 -0.017202)
119:    730.19   0.000997    5.04  0.000426  ( 0.015059 -0.014103  0.000721)
120:    731.06   0.000261    1.32  0.000111  ( 0.007407 -0.001745  0.007315)
121:    733.33   0.000738    3.73  0.000314  (-0.016722  0.005800 -0.000761)
122:    736.03   0.001272    6.43  0.000539  (-0.017868 -0.004297  0.014200)
123:    740.25   0.003694   18.67  0.001557  (-0.028007  0.027802 -0.000249)
124:    741.86   0.001977    9.99  0.000832  (-0.005575  0.010041  0.026454)
125:    743.39   0.001089    5.50  0.000457  (-0.020640  0.004243 -0.003611)
126:    748.95   0.000407    2.06  0.000170  (-0.000727 -0.005516 -0.011777)
127:    760.70   0.001478    7.47  0.000606  ( 0.022264 -0.006722 -0.008087)
128:    761.66   0.000494    2.49  0.000202  ( 0.002966 -0.006846 -0.012105)
129:    767.75   0.000819    4.14  0.000333  ( 0.015045  0.003074 -0.009848)
130:    773.71   0.002443   12.35  0.000986  ( 0.006154  0.014571  0.027117)
131:    798.13   0.006560   33.15  0.002565  ( 0.036986 -0.004435 -0.034310)
132:    798.44   0.003097   15.65  0.001210  ( 0.033919 -0.005152 -0.005768)
133:    803.68   0.001052    5.32  0.000409  ( 0.019015  0.006176 -0.002982)
134:    804.17   0.001698    8.58  0.000659  (-0.016242  0.004722  0.019304)
135:    809.98   0.000575    2.90  0.000221  ( 0.000078  0.002931  0.014586)
136:    822.89   0.000266    1.34  0.000101  (-0.006826  0.000949  0.007299)
137:    825.77   0.001757    8.88  0.000664  ( 0.020065 -0.009375 -0.013177)
138:    832.85   0.000588    2.97  0.000220  (-0.012746  0.000824  0.007550)
139:    838.90   0.001472    7.44  0.000547  ( 0.022301 -0.002629 -0.006574)
140:    840.26   0.000012    0.06  0.000004  ( 0.000904  0.001814  0.000612)
141:    842.39   0.000030    0.15  0.000011  ( 0.001977 -0.000802  0.002584)
142:    854.87   0.001020    5.15  0.000372  ( 0.000132  0.009859 -0.016583)
143:    859.56   0.000865    4.37  0.000314  ( 0.017342  0.002795 -0.002322)
144:    862.15   0.000702    3.55  0.000254  (-0.007968 -0.011828  0.007121)
145:    865.68   0.000306    1.55  0.000110  ( 0.007510  0.007083 -0.001952)
146:    874.73   0.002409   12.17  0.000859  (-0.009441 -0.024695  0.012669)
147:    894.07   0.003960   20.01  0.001382  ( 0.021703 -0.003552  0.029975)
148:    897.37   0.000290    1.46  0.000101  (-0.005271 -0.008497  0.000869)
149:    898.31   0.000081    0.41  0.000028  (-0.004723 -0.000517 -0.002353)
150:    904.63   0.000683    3.45  0.000236  ( 0.014123  0.005990 -0.000437)
151:    918.59   0.000769    3.89  0.000261  (-0.010508  0.002214  0.012080)
152:    919.36   0.005113   25.84  0.001736  (-0.030326 -0.028547 -0.000982)
153:    920.86   0.001827    9.23  0.000619  ( 0.014216  0.012603 -0.016064)
154:    923.04   0.004893   24.73  0.001654  (-0.015541 -0.002193 -0.037523)
155:    932.37   0.004655   23.52  0.001558  (-0.036064 -0.011274  0.011409)
156:    941.22   0.000017    0.09  0.000006  (-0.002020 -0.001156 -0.000566)
157:    942.17   0.000809    4.09  0.000268  ( 0.013266  0.009565 -0.000791)
158:    942.70   0.001286    6.50  0.000426  ( 0.002738 -0.019597 -0.005850)
159:    945.98   0.000226    1.14  0.000074  ( 0.005670 -0.000775 -0.006455)
160:    957.47   0.000020    0.10  0.000007  ( 0.000987 -0.000716  0.002246)
161:    965.70   0.003148   15.91  0.001017  ( 0.017599 -0.007271  0.025584)
162:    975.64   0.000486    2.46  0.000155  ( 0.010311  0.005558  0.004270)
163:    978.95   0.000136    0.69  0.000043  (-0.003827  0.002838  0.004529)
164:    979.60   0.000147    0.74  0.000047  (-0.003625 -0.003306  0.004768)
165:    983.55   0.000813    4.11  0.000258  ( 0.002231 -0.003736  0.015460)
166:    986.37   0.000342    1.73  0.000108  ( 0.003042 -0.003354 -0.009367)
167:    986.49   0.000045    0.23  0.000014  ( 0.001963 -0.003105  0.000915)
168:    990.98   0.000173    0.88  0.000055  ( 0.000823 -0.006936 -0.002416)
169:    996.87   0.001378    6.96  0.000431  (-0.016867  0.003440  0.011622)
170:    999.83   0.000358    1.81  0.000112  (-0.007607  0.007193  0.001443)
171:   1003.06   0.006004   30.34  0.001868  ( 0.030561 -0.001639 -0.030517)
172:   1004.18   0.000594    3.00  0.000184  (-0.000635 -0.000894  0.013537)
173:   1006.46   0.000128    0.65  0.000040  ( 0.001761  0.003492 -0.004938)
174:   1020.06   0.080118  404.88  0.024510  (-0.094771 -0.069727  0.103280)
175:   1021.88   0.009142   46.20  0.002792  ( 0.031808  0.022407 -0.035748)
176:   1022.24   0.000999    5.05  0.000305  ( 0.013905  0.006693 -0.008182)
177:   1026.51   0.001402    7.09  0.000426  ( 0.007406  0.013760 -0.013492)
178:   1028.76   0.010756   54.35  0.003263  (-0.038086 -0.032834 -0.027093)
179:   1030.02   0.008406   42.48  0.002547  ( 0.036948  0.029930  0.016903)
180:   1031.07   0.000593    3.00  0.000180  (-0.006582 -0.011668 -0.000194)
181:   1033.84   0.000240    1.21  0.000072  (-0.005385 -0.006491  0.001096)
182:   1036.28   0.000661    3.34  0.000199  (-0.013749  0.000198  0.003157)
183:   1039.97   0.000195    0.99  0.000059  (-0.000694 -0.007587 -0.000716)
184:   1040.88   0.000379    1.91  0.000114  (-0.010186 -0.002880  0.001245)
185:   1046.48   0.003026   15.29  0.000902  ( 0.001186 -0.004869  0.029616)
186:   1050.64   0.000212    1.07  0.000063  ( 0.000747 -0.000317 -0.007902)
187:   1052.82   0.000056    0.28  0.000017  (-0.002087  0.003339  0.001068)
188:   1053.60   0.000659    3.33  0.000195  (-0.006530 -0.004639  0.011443)
189:   1057.47   0.000093    0.47  0.000027  ( 0.002316  0.002725 -0.003809)
190:   1058.08   0.004201   21.23  0.001239  (-0.026773 -0.022673 -0.002857)
191:   1060.30   0.000225    1.14  0.000066  ( 0.000941 -0.006211 -0.005173)
192:   1064.05   0.005966   30.15  0.001750  (-0.025036 -0.024641 -0.022712)
193:   1065.43   0.000273    1.38  0.000080  ( 0.004431  0.007678  0.001198)
194:   1069.41   0.012063   60.96  0.003520  (-0.042741 -0.020846 -0.035479)
195:   1081.56   0.007035   35.55  0.002030  ( 0.028035  0.002550 -0.035176)
196:   1084.27   0.003072   15.52  0.000884  (-0.008951 -0.012060 -0.025661)
197:   1093.30   0.000622    3.14  0.000177  ( 0.011016  0.001044  0.007418)
198:   1095.02   0.000544    2.75  0.000155  (-0.003718  0.002470  0.011621)
199:   1106.38   0.008550   43.21  0.002412  (-0.039137 -0.009574  0.028078)
200:   1109.14   0.001512    7.64  0.000426  (-0.019975 -0.004970 -0.001354)
201:   1111.36   0.016119   81.46  0.004526  (-0.055327 -0.003579  0.038107)
202:   1116.96   0.003608   18.23  0.001008  ( 0.025131 -0.000200 -0.019399)
203:   1121.92   0.001092    5.52  0.000304  ( 0.002830  0.004905  0.016483)
204:   1131.38   0.000641    3.24  0.000177  ( 0.010181  0.002425  0.008209)
205:   1143.11   0.022627  114.35  0.006177  ( 0.066015  0.011440 -0.041089)
206:   1146.67   0.011101   56.10  0.003021  ( 0.047131  0.005227 -0.027795)
207:   1153.65   0.000468    2.37  0.000127  (-0.000751 -0.007124  0.008681)
208:   1170.55   0.002346   11.85  0.000625  ( 0.003408  0.013234  0.020943)
209:   1172.66   0.022486  113.63  0.005984  ( 0.000880  0.012199  0.076383)
210:   1182.47   0.003759   19.00  0.000992  ( 0.026474  0.003323 -0.016738)
211:   1188.59   0.003093   15.63  0.000812  (-0.016258 -0.012957 -0.019492)
212:   1191.46   0.001865    9.42  0.000488  ( 0.011026 -0.003801  0.018774)
213:   1193.37   0.000865    4.37  0.000226  ( 0.012619 -0.004011 -0.007126)
214:   1195.70   0.001950    9.85  0.000509  ( 0.015894  0.007475  0.014153)
215:   1196.46   0.000440    2.22  0.000115  ( 0.005695  0.008773 -0.002296)
216:   1201.67   0.010482   52.97  0.002722  ( 0.006834  0.011719  0.050378)
217:   1210.41   0.000511    2.58  0.000132  (-0.010621 -0.003371 -0.002772)
218:   1212.36   0.005689   28.75  0.001464  (-0.004923 -0.009645 -0.036704)
219:   1230.60   0.000689    3.48  0.000175  ( 0.012446 -0.001409 -0.004234)
220:   1234.46   0.012510   63.22  0.003162  (-0.032879 -0.044682 -0.009209)
221:   1236.36   0.000304    1.54  0.000077  ( 0.006255 -0.001785  0.005867)
222:   1236.83   0.000230    1.16  0.000058  (-0.006728  0.000920 -0.003438)
223:   1237.20   0.000288    1.45  0.000073  (-0.005546 -0.003068 -0.005695)
224:   1237.70   0.004148   20.96  0.001046  (-0.014218 -0.010529  0.027071)
225:   1240.29   0.004161   21.03  0.001047  (-0.002383 -0.000662  0.032261)
226:   1246.54   0.018981   95.92  0.004752  (-0.021822 -0.056177 -0.033461)
227:   1247.58   0.000886    4.48  0.000222  (-0.009124 -0.001257  0.011695)
228:   1251.22   0.001187    6.00  0.000296  ( 0.003090  0.005890 -0.015871)
229:   1253.87   0.016578   83.78  0.004126  ( 0.004717  0.049232  0.040986)
230:   1256.50   0.000313    1.58  0.000078  (-0.006329 -0.002088  0.005775)
231:   1259.88   0.000641    3.24  0.000159  ( 0.007816  0.008513  0.005023)
232:   1260.77   0.000247    1.25  0.000061  (-0.007569 -0.000377  0.001944)
233:   1265.50   0.001847    9.33  0.000455  (-0.014503  0.001957  0.015530)
234:   1268.40   0.002933   14.82  0.000721  (-0.014353  0.002913  0.022516)
235:   1269.54   0.001090    5.51  0.000268  (-0.013337  0.004963 -0.008081)
236:   1271.46   0.000525    2.65  0.000129  (-0.008103  0.001828  0.007733)
237:   1271.71   0.000423    2.14  0.000104  (-0.009390 -0.002453  0.003116)
238:   1276.71   0.002196   11.10  0.000537  (-0.003098 -0.007088 -0.021838)
239:   1280.80   0.001468    7.42  0.000358  (-0.011079  0.005077  0.014459)
240:   1281.22   0.000518    2.62  0.000126  (-0.005649 -0.003796 -0.008941)
241:   1286.09   0.000362    1.83  0.000088  (-0.004189  0.001087 -0.008320)
242:   1286.45   0.000076    0.39  0.000019  (-0.003628  0.001953  0.001243)
243:   1287.99   0.001868    9.44  0.000453  (-0.002136  0.020402 -0.005637)
244:   1289.57   0.001197    6.05  0.000290  (-0.013277  0.002672 -0.010312)
245:   1290.26   0.000657    3.32  0.000159  ( 0.004098 -0.002342  0.011694)
246:   1290.67   0.000507    2.56  0.000123  ( 0.002956 -0.001860  0.010504)
247:   1294.71   0.002291   11.58  0.000552  (-0.015234  0.004311  0.017367)
248:   1295.09   0.003053   15.43  0.000736  ( 0.003354 -0.005784 -0.026287)
249:   1297.03   0.005366   27.12  0.001291  ( 0.033035 -0.010046 -0.009946)
250:   1297.55   0.001039    5.25  0.000250  ( 0.002991 -0.001225 -0.015471)
251:   1298.88   0.008575   43.34  0.002060  (-0.026061 -0.000881  0.037153)
252:   1301.14   0.000528    2.67  0.000127  ( 0.011180  0.001309 -0.000108)
253:   1302.84   0.001251    6.32  0.000300  (-0.004094  0.012451 -0.011310)
254:   1306.65   0.001803    9.11  0.000431  (-0.003177  0.001743 -0.020433)
255:   1307.93   0.000553    2.80  0.000132  (-0.006171  0.009150  0.003191)
256:   1309.34   0.000313    1.58  0.000075  (-0.005561 -0.004596  0.004754)
257:   1311.90   0.000131    0.66  0.000031  ( 0.004153 -0.002817 -0.002443)
258:   1312.94   0.000494    2.50  0.000117  ( 0.002419 -0.000614 -0.010546)
259:   1329.42   0.001648    8.33  0.000387  (-0.004527  0.001780 -0.019057)
260:   1331.10   0.003160   15.97  0.000741  ( 0.011988 -0.009300 -0.022597)
261:   1333.72   0.000330    1.67  0.000077  (-0.000159 -0.008522  0.002112)
262:   1336.79   0.000079    0.40  0.000018  (-0.001913  0.003456 -0.001654)
263:   1338.82   0.001477    7.47  0.000344  (-0.011590  0.003900  0.013957)
264:   1341.94   0.003208   16.21  0.000746  ( 0.021421 -0.000155 -0.016944)
265:   1349.42   0.000869    4.39  0.000201  ( 0.010853 -0.005240  0.007459)
266:   1349.97   0.000718    3.63  0.000166  ( 0.012775 -0.001515 -0.000693)
267:   1352.25   0.000444    2.25  0.000103  ( 0.008475 -0.005513 -0.000588)
268:   1352.42   0.000877    4.43  0.000202  ( 0.004143 -0.000667  0.013594)
269:   1355.17   0.000696    3.52  0.000160  ( 0.002628  0.002147 -0.012197)
270:   1356.76   0.002503   12.65  0.000576  ( 0.020421  0.010054  0.007583)
271:   1357.17   0.004512   22.80  0.001037  ( 0.012828 -0.015568 -0.025110)
272:   1359.19   0.000599    3.03  0.000138  ( 0.011450  0.000608 -0.002481)
273:   1359.64   0.000460    2.33  0.000106  (-0.008461  0.000409 -0.005822)
274:   1360.26   0.000031    0.16  0.000007  ( 0.000149 -0.002556 -0.000726)
275:   1360.93   0.000254    1.29  0.000058  ( 0.004135 -0.001791 -0.006166)
276:   1363.65   0.000021    0.11  0.000005  (-0.000379 -0.000770  0.002042)
277:   1364.21   0.001449    7.32  0.000331  (-0.007236  0.003327 -0.016370)
278:   1380.11   0.002941   14.86  0.000665  ( 0.023243  0.008596 -0.007133)
279:   1383.26   0.001257    6.35  0.000284  (-0.013269 -0.000767 -0.010337)
280:   1383.69   0.000901    4.56  0.000203  (-0.000676  0.002678 -0.013989)
281:   1388.30   0.000357    1.80  0.000080  (-0.008753  0.000695  0.001748)
282:   1391.67   0.000221    1.12  0.000049  (-0.003830  0.005826 -0.000928)
283:   1393.54   0.000043    0.22  0.000010  (-0.002251  0.000819  0.001974)
284:   1398.77   0.000692    3.50  0.000154  ( 0.006420 -0.008624  0.006226)
285:   1409.08   0.000494    2.49  0.000109  (-0.009956 -0.002462  0.002036)
286:   1411.45   0.001839    9.29  0.000407  (-0.011785 -0.003220 -0.016040)
287:   1414.10   0.000405    2.05  0.000089  (-0.007587  0.005552  0.001013)
288:   1414.69   0.000302    1.53  0.000067  (-0.000110 -0.000798 -0.008126)
289:   1415.04   0.000064    0.32  0.000014  (-0.000855  0.003169  0.001833)
290:   1415.69   0.000078    0.39  0.000017  (-0.002603 -0.000924 -0.003086)
291:   1416.29   0.000391    1.97  0.000086  (-0.007256 -0.002581 -0.005174)
292:   1416.96   0.001404    7.09  0.000309  (-0.016289  0.004988  0.004352)
293:   1417.57   0.000505    2.55  0.000111  (-0.001073  0.007792  0.007021)
294:   1418.38   0.000277    1.40  0.000061  (-0.006666  0.002850  0.002885)
295:   1419.82   0.000194    0.98  0.000043  (-0.005665  0.000519  0.003197)
296:   1420.24   0.000042    0.21  0.000009  (-0.002518 -0.000243  0.001698)
297:   1420.94   0.002388   12.07  0.000524  (-0.013758  0.018058  0.003013)
298:   1421.34   0.000380    1.92  0.000083  (-0.005017  0.007165  0.002639)
299:   1422.20   0.000302    1.53  0.000066  (-0.005864 -0.000009 -0.005648)
300:   1422.81   0.000078    0.39  0.000017  ( 0.002385  0.003094 -0.001361)
301:   1423.71   0.000220    1.11  0.000048  (-0.000889 -0.006706  0.001555)
302:   1424.90   0.002408   12.17  0.000527  (-0.012411 -0.019254  0.001599)
303:   1427.38   0.000307    1.55  0.000067  (-0.001893 -0.001371  0.007857)
304:   1427.85   0.000980    4.95  0.000214  (-0.006673 -0.011336  0.006415)
305:   1428.83   0.000151    0.76  0.000033  (-0.004911  0.002950 -0.000265)
306:   1428.91   0.000792    4.00  0.000173  ( 0.002257  0.012952  0.000415)
307:   1431.93   0.001119    5.65  0.000244  (-0.010048  0.011905 -0.001068)
308:   1432.62   0.000177    0.89  0.000038  ( 0.000580 -0.005112  0.003467)
309:   1432.66   0.000538    2.72  0.000117  (-0.001134  0.010204  0.003448)
310:   1432.95   0.000047    0.24  0.000010  ( 0.002051 -0.000254  0.002443)
311:   1433.96   0.000138    0.70  0.000030  ( 0.000194 -0.001562 -0.005240)
312:   1434.34   0.000077    0.39  0.000017  ( 0.000370  0.003427  0.002216)
313:   1434.93   0.000420    2.12  0.000091  ( 0.002190 -0.005599 -0.007423)
314:   1435.74   0.000390    1.97  0.000085  ( 0.005792  0.006505  0.002977)
315:   1436.66   0.000201    1.02  0.000044  ( 0.003991 -0.003659 -0.003784)
316:   1437.44   0.000301    1.52  0.000065  (-0.001650 -0.002163  0.007618)
317:   1437.76   0.003590   18.14  0.000779  ( 0.014560  0.006392 -0.022942)
318:   1440.25   0.000465    2.35  0.000101  ( 0.007799  0.004267  0.004670)
319:   1442.82   0.000304    1.53  0.000066  (-0.007077  0.002046 -0.003375)
320:   1442.84   0.000277    1.40  0.000060  (-0.000188 -0.006975 -0.003346)
321:   1443.84   0.000124    0.63  0.000027  (-0.001552  0.004914 -0.000429)
322:   1447.98   0.008309   41.99  0.001791  (-0.039220 -0.014291 -0.006941)
323:   1449.52   0.000825    4.17  0.000178  ( 0.001096  0.012456  0.004614)
324:   1455.41   0.001182    5.97  0.000253  ( 0.004405 -0.005139  0.014410)
325:   1469.55   0.013316   67.29  0.002828  ( 0.049120 -0.012173 -0.016330)
326:   1662.48   0.000316    1.60  0.000059  ( 0.003792  0.005547 -0.003771)
327:   1664.52   0.000129    0.65  0.000024  (-0.000285 -0.004535  0.001860)
328:   1740.58   0.030539  154.33  0.005475  ( 0.002275 -0.032532  0.066421)
329:   1747.10   0.049847  251.91  0.008904  (-0.091697  0.019360 -0.010975)
330:   2882.87   0.005015   25.34  0.000543  ( 0.006222 -0.007857 -0.021033)
331:   2900.09   0.001403    7.09  0.000151  (-0.000478  0.012054  0.002329)
332:   2900.30   0.002057   10.39  0.000221  ( 0.013899 -0.003455  0.004021)
333:   2900.72   0.001883    9.52  0.000203  (-0.011017 -0.002146  0.008754)
334:   2902.23   0.000946    4.78  0.000102  ( 0.002733  0.001602 -0.009577)
335:   2902.29   0.000941    4.76  0.000101  (-0.007051 -0.007123 -0.000882)
336:   2904.95   0.002869   14.50  0.000308  (-0.003116 -0.015552 -0.007523)
337:   2905.52   0.000621    3.14  0.000067  ( 0.000060  0.006516  0.004918)
338:   2907.14   0.001244    6.29  0.000134  ( 0.004730 -0.010391  0.001794)
339:   2909.15   0.002693   13.61  0.000289  ( 0.009451 -0.011365  0.008387)
340:   2910.35   0.002941   14.86  0.000315  (-0.010812 -0.001343 -0.014024)
341:   2910.72   0.004588   23.18  0.000492  ( 0.021089 -0.002176 -0.006510)
342:   2911.52   0.003792   19.16  0.000406  (-0.008944  0.010537 -0.014676)
343:   2913.09   0.003810   19.26  0.000408  ( 0.010073  0.013998  0.010524)
344:   2913.68   0.001136    5.74  0.000122  (-0.008652  0.003325  0.005983)
345:   2914.19   0.011532   58.28  0.001235  ( 0.020985 -0.022539 -0.016927)
346:   2914.58   0.002493   12.60  0.000267  (-0.006093 -0.014022  0.005759)
347:   2915.18   0.005112   25.83  0.000547  ( 0.006423  0.006934  0.021399)
348:   2915.64   0.008403   42.46  0.000899  (-0.024432  0.016119 -0.006527)
349:   2916.78   0.007235   36.56  0.000774  (-0.007376  0.022231  0.015013)
350:   2918.83   0.004612   23.31  0.000493  ( 0.010509 -0.007464 -0.018081)
351:   2918.86   0.002406   12.16  0.000257  ( 0.009228 -0.002803  0.012814)
352:   2919.25   0.010669   53.92  0.001140  ( 0.022920  0.018460  0.016564)
353:   2920.58   0.006237   31.52  0.000666  ( 0.016765  0.018122 -0.007543)
354:   2921.43   0.007461   37.70  0.000797  (-0.022092  0.006816  0.016201)
355:   2923.47   0.011160   56.40  0.001191  ( 0.012685 -0.032087  0.000859)
356:   2924.42   0.003961   20.02  0.000423  (-0.016831  0.011418  0.003000)
357:   2925.04   0.004574   23.12  0.000488  ( 0.002952  0.000326 -0.021891)
358:   2927.40   0.009115   46.06  0.000972  (-0.028284 -0.012860 -0.002517)
359:   2929.81   0.001464    7.40  0.000156  (-0.011787 -0.001101 -0.003971)
360:   2935.03   0.001255    6.34  0.000133  (-0.007361 -0.007086  0.005390)
361:   2935.92   0.002396   12.11  0.000255  (-0.008427 -0.012517 -0.005193)
362:   2936.85   0.002013   10.17  0.000214  ( 0.007580  0.011392  0.005167)
363:   2937.21   0.004181   21.13  0.000444  ( 0.006311 -0.020098  0.000697)
364:   2938.97   0.002067   10.45  0.000220  (-0.008952  0.007892 -0.008780)
365:   2939.09   0.000685    3.46  0.000073  (-0.006846 -0.004402  0.002537)
366:   2942.50   0.001988   10.05  0.000211  (-0.006385  0.012331  0.004247)
367:   2944.90   0.006089   30.77  0.000645  (-0.013262 -0.013033 -0.017307)
368:   2947.64   0.002386   12.06  0.000253  (-0.015218 -0.004576 -0.000308)
369:   2948.12   0.003655   18.47  0.000387  ( 0.013545 -0.014255 -0.000485)
370:   2948.67   0.004515   22.82  0.000478  (-0.003855 -0.021515  0.000252)
371:   2950.66   0.000559    2.83  0.000059  (-0.003975  0.004760 -0.004548)
372:   2950.91   0.001620    8.19  0.000171  ( 0.007945 -0.006074  0.008443)
373:   2951.13   0.000925    4.68  0.000098  (-0.007099 -0.004375  0.005320)
374:   2952.20   0.000388    1.96  0.000041  ( 0.001726  0.001132 -0.006066)
375:   2952.47   0.003585   18.12  0.000379  (-0.009810  0.006233 -0.015616)
376:   2958.52   0.005015   25.34  0.000529  (-0.009473  0.010003  0.018418)
377:   2960.35   0.003833   19.37  0.000404  ( 0.008061  0.018006 -0.003846)
378:   2962.27   0.008227   41.58  0.000867  (-0.019823  0.000341 -0.021763)
379:   2963.06   0.012520   63.27  0.001319  (-0.020900  0.018880 -0.022920)
380:   2965.36   0.000872    4.41  0.000092  ( 0.006670 -0.005730 -0.003798)
381:   2965.58   0.016375   82.75  0.001723  ( 0.016528  0.019243 -0.032858)
382:   2966.89   0.001937    9.79  0.000204  (-0.007840 -0.003516  0.011399)
383:   2967.93   0.012823   64.80  0.001348  ( 0.004403 -0.023086  0.028212)
384:   2968.87   0.014088   71.20  0.001481  (-0.015277 -0.014321 -0.032285)
385:   2970.11   0.012890   65.14  0.001354  ( 0.013850  0.027390 -0.020306)
386:   2971.21   0.007219   36.48  0.000758  ( 0.011786 -0.006799  0.023938)
387:   2971.58   0.016735   84.57  0.001757  (-0.019936 -0.014741 -0.033804)
388:   2973.51   0.013032   65.86  0.001368  (-0.036773 -0.003549 -0.001683)
389:   2973.73   0.016558   83.68  0.001738  (-0.039529 -0.008267 -0.010330)
390:   2976.77   0.003651   18.45  0.000383  (-0.006296 -0.002205 -0.018391)
391:   2977.60   0.004115   20.79  0.000431  ( 0.017072  0.010729  0.004967)
392:   2983.09   0.003618   18.28  0.000378  ( 0.007260  0.016790 -0.006623)
393:   2983.30   0.002225   11.24  0.000233  ( 0.014179 -0.005095 -0.002397)
394:   2988.37   0.000402    2.03  0.000042  ( 0.005408  0.001677  0.003142)
395:   2992.84   0.006443   32.56  0.000672  ( 0.015323  0.019837  0.006594)
396:   2993.63   0.009014   45.55  0.000940  ( 0.014355  0.026963  0.002567)
397:   2994.19   0.006388   32.28  0.000666  (-0.012802  0.009835 -0.020129)
398:   2997.76   0.003789   19.15  0.000394  ( 0.008910  0.001956  0.017642)
399:   3003.22   0.001688    8.53  0.000175  (-0.002005 -0.007925 -0.010418)
400:   3003.79   0.007259   36.69  0.000754  (-0.020270  0.017327 -0.006562)
401:   3006.61   0.004540   22.94  0.000471  (-0.020229  0.001535 -0.007723)
402:   3019.71   0.000788    3.98  0.000081  ( 0.005321  0.000297  0.007283)
403:   3019.92   0.002350   11.87  0.000243  (-0.008276  0.000361 -0.013198)
404:   3025.70   0.001079    5.45  0.000111  (-0.010499  0.001037  0.000116)
405:   3042.00   0.001416    7.15  0.000145  ( 0.011614 -0.002213  0.002334)
406:   3044.49   0.005474   27.66  0.000561  (-0.019885 -0.012596 -0.002650)
407:   3047.56   0.005316   26.87  0.000544  (-0.002112 -0.020091  0.011673)
408:   3059.76   0.000003    0.01  0.000000  ( 0.000042 -0.000117 -0.000505)
409:   3064.44   0.001940    9.81  0.000198  ( 0.008788 -0.003479 -0.010405)
410:   3072.91   0.000313    1.58  0.000032  ( 0.004370  0.000183  0.003556)
411:   3082.31   0.000590    2.98  0.000060  ( 0.004132  0.000939  0.006461)
412:   3090.43   0.000577    2.92  0.000058  (-0.007197 -0.002484 -0.000541)
413:   3107.72   0.002136   10.79  0.000214  (-0.009666 -0.010764  0.002281)
