  6:      3.90   0.000000    0.00  0.000000  ( 0.000000  0.000000  0.000000)
  7:      7.58   0.000287    1.45  0.011828  ( 0.086036  0.046557 -0.047522)
  8:      8.49   0.000026    0.13  0.000960  (-0.009058 -0.029590 -0.001543)
  9:     11.48   0.000166    0.84  0.004510  ( 0.053114  0.017146 -0.037355)
 10:     12.83   0.000338    1.71  0.008217  (-0.059377  0.031626  0.060755)
 11:     13.94   0.000084    0.42  0.001873  ( 0.029377  0.018135 -0.026095)
 12:     15.15   0.000117    0.59  0.002408  (-0.029080  0.028902  0.026969)
 13:     19.15   0.000065    0.33  0.001067  (-0.026430 -0.014675  0.012394)
 14:     23.94   0.000032    0.16  0.000417  ( 0.009289  0.017555 -0.004761)
 15:     24.62   0.000165    0.83  0.002085  ( 0.007576  0.044945 -0.002837)
 16:     29.68   0.000341    1.72  0.003587  ( 0.005798 -0.059182 -0.007135)
 17:     31.83   0.000369    1.86  0.003614  (-0.020830 -0.055876  0.007601)
 18:     34.43   0.000022    0.11  0.000196  ( 0.012072  0.000165  0.007083)
 19:     34.78   0.000356    1.80  0.003198  (-0.023147  0.051581 -0.001343)
 20:     37.74   0.000105    0.53  0.000868  ( 0.001222 -0.023884 -0.017213)
 21:     40.11   0.000047    0.24  0.000366  (-0.015947  0.010187 -0.002883)
 22:     44.24   0.000091    0.46  0.000640  (-0.011434 -0.010376  0.020029)
 23:     46.29   0.000107    0.54  0.000724  ( 0.023990 -0.005320 -0.010978)
 24:     53.41   0.000086    0.43  0.000500  (-0.016323 -0.002149  0.015147)
 25:     55.67   0.000034    0.17  0.000193  (-0.007968 -0.009759 -0.005821)
 26:     58.77   0.000019    0.10  0.000102  ( 0.007011 -0.004506  0.005736)
 27:     60.37   0.000115    0.58  0.000597  (-0.020402 -0.003588 -0.012948)
 28:     62.55   0.000100    0.51  0.000499  ( 0.001194 -0.021821 -0.004643)
 29:     70.20   0.000484    2.45  0.002152  (-0.012541 -0.003749  0.044501)
 30:     75.24   0.000064    0.33  0.000267  ( 0.005578  0.015235  0.001999)
 31:     77.11   0.000274    1.39  0.001110  ( 0.010387  0.028619  0.013522)
 32:     79.43   0.000156    0.79  0.000614  ( 0.004152 -0.021428 -0.011744)
 33:     86.88   0.000059    0.30  0.000212  (-0.010267 -0.006938  0.007655)
 34:     93.67   0.000430    2.17  0.001432  ( 0.005434  0.021206  0.030869)
 35:     99.43   0.000356    1.80  0.001116  ( 0.010815  0.030457  0.008441)
 36:    108.54   0.000048    0.24  0.000138  (-0.002092 -0.009601 -0.006474)
 37:    109.77   0.000036    0.18  0.000102  ( 0.007268 -0.005518  0.004384)
 38:    115.58   0.000066    0.33  0.000178  ( 0.012244 -0.005081  0.001365)
 39:    121.02   0.000114    0.58  0.000295  (-0.008617 -0.014195 -0.004347)
 40:    122.71   0.000139    0.70  0.000354  (-0.017746  0.005919  0.001896)
 41:    124.05   0.000295    1.49  0.000742  ( 0.013556  0.004224 -0.023254)
 42:    128.31   0.000097    0.49  0.000236  (-0.006107 -0.011533  0.008085)
 43:    133.16   0.001921    9.71  0.004502  ( 0.048931 -0.015055  0.043370)
 44:    138.01   0.000336    1.70  0.000759  (-0.008997  0.004974  0.025564)
 45:    140.66   0.000041    0.21  0.000091  (-0.002853 -0.000026  0.009119)
 46:    149.95   0.000011    0.05  0.000022  ( 0.002131  0.000318 -0.004189)
 47:    153.06   0.000026    0.13  0.000053  (-0.004046  0.006002 -0.000583)
 48:    158.40   0.000061    0.31  0.000119  ( 0.006423 -0.001036  0.008769)
 49:    164.89   0.000500    2.53  0.000947  (-0.018248 -0.023543 -0.007728)
 50:    167.51   0.000050    0.25  0.000092  (-0.007129  0.005312 -0.003655)
 51:    170.15   0.001313    6.63  0.002408  (-0.029200  0.015987 -0.036048)
 52:    174.04   0.000134    0.68  0.000240  (-0.005766  0.014343  0.001078)
 53:    180.11   0.000869    4.39  0.001506  (-0.015802 -0.004664 -0.035132)
 54:    191.60   0.000146    0.74  0.000238  ( 0.003003 -0.006519  0.013666)
 55:    208.30   0.000241    1.22  0.000361  ( 0.011407 -0.015196 -0.000219)
 56:    212.96   0.002926   14.79  0.004288  (-0.006258 -0.002102 -0.065150)
 57:    216.70   0.000031    0.16  0.000044  (-0.001543  0.000540 -0.006460)
 58:    220.34   0.000044    0.22  0.000063  (-0.001281  0.000596 -0.007779)
 59:    225.27   0.001085    5.48  0.001503  (-0.020517  0.008419 -0.031804)
 60:    227.25   0.000123    0.62  0.000169  (-0.007228  0.001063 -0.010745)
 61:    230.45   0.000003    0.02  0.000004  (-0.001188 -0.000604 -0.001639)
 62:    242.36   0.000274    1.39  0.000353  (-0.014158  0.006340 -0.010599)
 63:    256.46   0.000144    0.73  0.000176  (-0.002095  0.013046  0.001096)
 64:    260.83   0.000003    0.02  0.000004  (-0.000654  0.000435 -0.001803)
 65:    261.78   0.000357    1.81  0.000426  ( 0.001659  0.015963 -0.012970)
 66:    262.06   0.000273    1.38  0.000325  (-0.010264  0.008238  0.012340)
 67:    273.84   0.000115    0.58  0.000131  (-0.001035 -0.007102  0.008920)
 68:    279.92   0.000700    3.54  0.000781  (-0.005610 -0.001840 -0.027311)
 69:    287.21   0.000325    1.64  0.000353  (-0.006729 -0.017308  0.002848)
 70:    291.84   0.000019    0.10  0.000020  (-0.000777  0.001232 -0.004260)
 71:    299.77   0.000110    0.55  0.000114  ( 0.001329  0.008800  0.005898)
 72:    301.62   0.000028    0.14  0.000029  ( 0.004183 -0.000128  0.003414)
 73:    308.78   0.000158    0.80  0.000160  ( 0.002037  0.002674  0.012199)
 74:    309.54   0.000770    3.89  0.000776  (-0.014833 -0.011953  0.020320)
 75:    316.22   0.000103    0.52  0.000102  (-0.004961  0.005599  0.006766)
 76:    325.24   0.000468    2.36  0.000449  (-0.007689 -0.007418 -0.018296)
 77:    329.87   0.000375    1.90  0.000355  (-0.004828 -0.000458  0.018201)
 78:    331.71   0.000613    3.10  0.000577  (-0.002279  0.004033 -0.023561)
 79:    347.54   0.000097    0.49  0.000088  (-0.007908  0.004799 -0.001401)
 80:    352.84   0.000228    1.15  0.000202  (-0.006183  0.003820  0.012198)
 81:    355.21   0.000196    0.99  0.000172  (-0.006326  0.007558 -0.008668)
 82:    361.20   0.000592    2.99  0.000511  ( 0.020716 -0.008892 -0.001759)
 83:    363.07   0.000919    4.64  0.000789  (-0.008173  0.000574 -0.026876)
 84:    369.73   0.000013    0.06  0.000011  ( 0.000613  0.000286 -0.003221)
 85:    375.95   0.000759    3.83  0.000630  (-0.014047  0.002238 -0.020674)
 86:    385.43   0.001865    9.42  0.001510  (-0.004297 -0.004853 -0.038314)
 87:    387.71   0.002087   10.55  0.001680  ( 0.019390 -0.015547  0.032594)
 88:    406.25   0.002554   12.90  0.001962  ( 0.000973 -0.001026  0.044267)
 89:    415.53   0.000146    0.74  0.000109  ( 0.009779 -0.002799  0.002456)
 90:    418.60   0.000319    1.61  0.000238  ( 0.002251  0.005095 -0.014388)
 91:    421.51   0.000227    1.15  0.000168  ( 0.004564 -0.000446 -0.012116)
 92:    433.68   0.000886    4.48  0.000638  ( 0.015453 -0.008219 -0.018200)
 93:    438.09   0.004117   20.81  0.002933  ( 0.019284  0.004486 -0.050408)
 94:    447.65   0.003611   18.25  0.002517  ( 0.012644 -0.011977  0.047051)
 95:    455.17   0.001243    6.28  0.000852  ( 0.022473  0.002642  0.018445)
 96:    462.63   0.001011    5.11  0.000682  ( 0.015956  0.005298  0.019980)
 97:    470.33   0.000081    0.41  0.000054  (-0.000291  0.002684  0.006830)
 98:    475.90   0.000971    4.91  0.000637  ( 0.018917 -0.007814  0.014764)
 99:    490.23   0.002178   11.00  0.001386  (-0.005525 -0.001206 -0.036800)
100:    496.92   0.004454   22.51  0.002797  ( 0.001531  0.043672  0.029794)
101:    514.69   0.000088    0.44  0.000053  ( 0.006835 -0.001231 -0.002234)
102:    515.25   0.000094    0.47  0.000057  (-0.005373 -0.003175  0.004217)
103:    530.15   0.001304    6.59  0.000767  ( 0.025824 -0.002360  0.009748)
104:    532.17   0.000142    0.72  0.000083  ( 0.003839  0.004594 -0.006867)
105:    533.55   0.000710    3.59  0.000415  ( 0.012642  0.015902  0.001636)
106:    557.40   0.027513  139.04  0.015403  (-0.077682 -0.010000 -0.096275)
107:    566.68   0.000249    1.26  0.000137  ( 0.003198  0.001057 -0.011226)
108:    568.55   0.004681   23.66  0.002569  (-0.028710 -0.026337 -0.032425)
109:    574.36   0.000822    4.16  0.000447  (-0.013079 -0.015353  0.006319)
110:    587.48   0.001838    9.29  0.000977  ( 0.015457 -0.005705  0.026553)
111:    605.09   0.028341  143.22  0.014616  (-0.112939 -0.010927 -0.041731)
112:    609.91   0.000545    2.75  0.000279  ( 0.013365  0.010005  0.000043)
113:    649.61   0.000645    3.26  0.000310  (-0.007316 -0.014432  0.006936)
114:    650.27   0.000814    4.11  0.000391  (-0.003380  0.014661 -0.012818)
115:    715.93   0.000408    2.06  0.000178  (-0.005049  0.011510  0.004437)
116:    719.82   0.002188   11.06  0.000949  (-0.015271  0.019458  0.018350)
117:    723.88   0.000193    0.97  0.000083  (-0.005194 -0.003340  0.006701)
118:    728.92   0.000519    2.62  0.000222  ( 0.010876  0.008820 -0.005127)
119:    729.66   0.001357    6.86  0.000580  (-0.022821 -0.005494 -0.005414)
120:    732.08   0.000885    4.47  0.000377  ( 0.004975 -0.008367  0.016804)
121:    733.59   0.002276   11.50  0.000968  (-0.031038 -0.001818 -0.001261)
122:    740.37   0.006786   34.29  0.002860  ( 0.019685 -0.006946  0.049240)
123:    749.08   0.001515    7.66  0.000631  (-0.010119 -0.022853  0.002575)
124:    754.50   0.000792    4.00  0.000327  ( 0.001419 -0.014836 -0.010265)
125:    757.38   0.000949    4.80  0.000391  (-0.014756 -0.003343 -0.012737)
126:    758.82   0.000303    1.53  0.000125  (-0.001815 -0.006392 -0.008973)
127:    762.92   0.002244   11.34  0.000918  ( 0.014172  0.001030  0.026755)
128:    765.15   0.063942  323.14  0.026079  ( 0.053206  0.020139  0.151136)
129:    775.15   0.003084   15.58  0.001241  ( 0.014939 -0.001909  0.031853)
130:    794.51   0.004413   22.30  0.001733  (-0.007725 -0.038736  0.013154)
131:    796.58   0.000824    4.16  0.000323  ( 0.016432  0.001234 -0.007158)
132:    801.77   0.000176    0.89  0.000068  (-0.007387  0.002101  0.003062)
133:    803.78   0.000017    0.08  0.000006  ( 0.000536 -0.002095  0.001325)
134:    808.71   0.001539    7.78  0.000594  (-0.006558 -0.012445  0.019898)
135:    820.90   0.001836    9.28  0.000698  ( 0.025712  0.005871  0.001533)
136:    828.07   0.002257   11.41  0.000851  (-0.028142 -0.006715  0.003679)
137:    830.92   0.000088    0.44  0.000033  ( 0.003466 -0.004507  0.000849)
138:    841.68   0.000071    0.36  0.000026  (-0.004600  0.002067  0.000843)
139:    841.98   0.001267    6.40  0.000470  (-0.018996 -0.010281 -0.001731)
140:    842.80   0.000140    0.71  0.000052  ( 0.006871  0.001107 -0.001817)
141:    848.37   0.000759    3.83  0.000279  (-0.002560 -0.016484 -0.000924)
142:    857.11   0.000132    0.67  0.000048  ( 0.001658 -0.001076  0.006651)
143:    868.25   0.000669    3.38  0.000240  ( 0.001747  0.001187 -0.015361)
144:    876.32   0.000061    0.31  0.000022  ( 0.001993 -0.004080  0.001125)
145:    883.88   0.001998   10.10  0.000705  ( 0.017395 -0.007567  0.018590)
146:    884.24   0.000065    0.33  0.000023  (-0.000217 -0.004589  0.001308)
147:    886.32   0.005704   28.83  0.002008  ( 0.014286 -0.013484 -0.040281)
148:    887.87   0.000136    0.69  0.000048  (-0.001236  0.004471  0.005132)
149:    894.89   0.000051    0.26  0.000018  ( 0.004165 -0.000478 -0.000206)
150:    897.40   0.001356    6.85  0.000471  (-0.012074  0.001292 -0.018000)
151:    912.27   0.004132   20.88  0.001413  ( 0.025222 -0.014008  0.024102)
152:    913.87   0.001473    7.44  0.000503  (-0.017439 -0.001303 -0.014042)
153:    913.90   0.006675   33.73  0.002279  (-0.024014  0.001151 -0.041248)
154:    932.28   0.002545   12.86  0.000852  ( 0.005883  0.012539  0.025690)
155:    934.87   0.001760    8.90  0.000588  ( 0.011197 -0.007364  0.020198)
156:    940.82   0.004715   23.83  0.001564  (-0.015896 -0.018367 -0.031208)
157:    943.17   0.000210    1.06  0.000070  ( 0.004546 -0.006927  0.000984)
158:    945.08   0.008613   43.53  0.002844  (-0.008393 -0.010057 -0.051696)
159:    945.57   0.002479   12.53  0.000818  ( 0.005069  0.009154  0.026619)
160:    955.66   0.002074   10.48  0.000677  ( 0.013127 -0.004037  0.022108)
161:    964.68   0.000106    0.53  0.000034  (-0.005684 -0.000755 -0.001118)
162:    967.23   0.006150   31.08  0.001984  ( 0.004706 -0.006112 -0.043873)
163:    978.95   0.000518    2.62  0.000165  ( 0.006740 -0.009857 -0.004730)
164:    979.80   0.000242    1.22  0.000077  (-0.002800  0.001529 -0.008186)
165:    988.50   0.002318   11.71  0.000732  (-0.002981 -0.000863 -0.026872)
166:    990.14   0.000555    2.81  0.000175  (-0.010240 -0.006133 -0.005704)
167:    991.39   0.002691   13.60  0.000847  ( 0.014606 -0.011716  0.022285)
168:    995.71   0.010322   52.17  0.003235  (-0.000302 -0.021527 -0.052647)
169:   1000.82   0.000093    0.47  0.000029  (-0.005034  0.001280  0.001402)
170:   1003.24   0.001467    7.41  0.000456  ( 0.007197 -0.010985  0.016850)
171:   1006.58   0.011191   56.55  0.003469  (-0.002005  0.009900  0.058029)
172:   1007.65   0.041353  208.98  0.012807  ( 0.019075  0.025297 -0.108641)
173:   1012.89   0.004795   24.23  0.001477  ( 0.036355  0.005429  0.011239)
174:   1014.50   0.000306    1.55  0.000094  (-0.000070 -0.000614  0.009686)
175:   1016.52   0.000583    2.94  0.000179  ( 0.001979  0.007828  0.010660)
176:   1026.41   0.020908  105.66  0.006357  (-0.036345 -0.020763 -0.067857)
177:   1029.14   0.025077  126.73  0.007604  (-0.025348 -0.042522 -0.071786)
178:   1029.64   0.001151    5.82  0.000349  (-0.004878 -0.010037 -0.014978)
179:   1032.04   0.002128   10.75  0.000643  (-0.011757 -0.002546 -0.022329)
180:   1033.57   0.006724   33.98  0.002030  ( 0.009884 -0.022860 -0.037548)
181:   1039.69   0.014092   71.21  0.004230  ( 0.054096 -0.022655 -0.028110)
182:   1040.50   0.002440   12.33  0.000732  (-0.020254  0.007485  0.016294)
183:   1043.40   0.000971    4.91  0.000291  ( 0.011449  0.010620  0.006830)
184:   1045.28   0.000372    1.88  0.000111  ( 0.010067 -0.000135 -0.003136)
185:   1051.51   0.001277    6.46  0.000379  ( 0.003299 -0.008690  0.017108)
186:   1052.86   0.000693    3.50  0.000206  (-0.004702  0.002240  0.013357)
187:   1054.64   0.000093    0.47  0.000027  ( 0.003469 -0.002879  0.002679)
188:   1055.75   0.001405    7.10  0.000415  (-0.011006  0.013953  0.009979)
189:   1057.24   0.000677    3.42  0.000200  ( 0.000073  0.002979  0.013823)
190:   1063.10   0.000474    2.39  0.000139  (-0.005249  0.006305  0.008469)
191:   1067.63   0.021423  108.26  0.006262  (-0.018769  0.038906  0.066302)
192:   1068.88   0.000619    3.13  0.000181  (-0.003990 -0.012830 -0.000384)
193:   1078.13   0.009251   46.75  0.002678  ( 0.034879  0.007710  0.037438)
194:   1079.34   0.007682   38.82  0.002221  (-0.010243  0.002710  0.045921)
195:   1080.74   0.009206   46.52  0.002658  ( 0.015894 -0.020817  0.044411)
196:   1089.66   0.004126   20.85  0.001182  ( 0.015747  0.003815 -0.030315)
197:   1092.57   0.002239   11.31  0.000639  (-0.017976  0.016107 -0.007543)
198:   1098.28   0.015690   79.29  0.004458  ( 0.001942  0.006487 -0.066425)
199:   1102.27   0.001482    7.49  0.000420  (-0.009071  0.008506 -0.016278)
200:   1109.82   0.002553   12.90  0.000718  ( 0.003522 -0.002803 -0.026411)
201:   1118.12   0.009381   47.41  0.002618  (-0.012089 -0.008782 -0.048938)
202:   1118.49   0.002719   13.74  0.000758  (-0.024202 -0.008180  0.010288)
203:   1122.86   0.000651    3.29  0.000181  ( 0.012207 -0.005617  0.000619)
204:   1123.95   0.000152    0.77  0.000042  (-0.003493  0.001399 -0.005284)
205:   1138.11   0.017774   89.82  0.004873  (-0.024113  0.004349  0.065369)
206:   1148.20   0.001053    5.32  0.000286  (-0.009438  0.007626 -0.011787)
207:   1149.85   0.024756  125.11  0.006719  ( 0.022535 -0.030014  0.072869)
208:   1156.67   0.001109    5.61  0.000299  (-0.004555  0.008967 -0.014076)
209:   1159.40   0.003757   18.99  0.001011  (-0.006644  0.006202 -0.030473)
210:   1178.63   0.001385    7.00  0.000367  ( 0.011082 -0.007288  0.013809)
211:   1183.47   0.000113    0.57  0.000030  ( 0.003165  0.001280  0.004260)
212:   1187.89   0.004575   23.12  0.001202  ( 0.019909 -0.009237  0.026837)
213:   1194.11   0.009113   46.05  0.002382  ( 0.021598  0.035744  0.025248)
214:   1197.65   0.000023    0.12  0.000006  ( 0.002022  0.000144  0.001407)
215:   1206.38   0.003540   17.89  0.000916  (-0.017157 -0.013505 -0.020949)
216:   1207.19   0.019568   98.89  0.005058  (-0.043781  0.031447 -0.046397)
217:   1210.62   0.000238    1.21  0.000061  (-0.005359  0.004302 -0.003774)
218:   1218.21   0.025260  127.65  0.006471  (-0.008530  0.079985 -0.000519)
219:   1220.42   0.005079   25.67  0.001299  ( 0.025978 -0.018684  0.016578)
220:   1222.86   0.006724   33.98  0.001716  ( 0.030509 -0.025004  0.012651)
221:   1224.28   0.003834   19.38  0.000977  (-0.021575  0.006650 -0.021623)
222:   1228.97   0.010049   50.78  0.002552  ( 0.008410 -0.045844  0.019475)
223:   1233.70   0.000033    0.17  0.000008  (-0.000567 -0.002843  0.000151)
224:   1234.29   0.000679    3.43  0.000172  ( 0.011118 -0.005951  0.003548)
225:   1237.09   0.000371    1.88  0.000094  (-0.005805  0.006769 -0.003767)
226:   1241.29   0.005206   26.31  0.001309  (-0.028113  0.021521 -0.007434)
227:   1247.87   0.000269    1.36  0.000067  ( 0.004227 -0.001023 -0.006951)
228:   1249.24   0.001091    5.51  0.000273  ( 0.006767 -0.014228  0.004929)
229:   1252.59   0.000822    4.15  0.000205  (-0.008501  0.008738 -0.007495)
230:   1258.97   0.000758    3.83  0.000188  (-0.006371  0.012133  0.000089)
231:   1261.09   0.000327    1.65  0.000081  (-0.005686 -0.000250 -0.006975)
232:   1261.86   0.000725    3.66  0.000179  ( 0.003300 -0.005558  0.011727)
233:   1262.53   0.001054    5.33  0.000261  (-0.007716 -0.002126  0.014018)
234:   1262.96   0.000454    2.30  0.000112  ( 0.004828 -0.001137 -0.009363)
235:   1263.70   0.000503    2.54  0.000124  (-0.001101  0.007227 -0.008407)
236:   1265.99   0.001737    8.78  0.000428  (-0.020462  0.003043  0.000540)
237:   1270.23   0.000425    2.15  0.000104  (-0.009199  0.004000 -0.001961)
238:   1273.20   0.000372    1.88  0.000091  (-0.006161 -0.005585 -0.004690)
239:   1280.69   0.001256    6.35  0.000306  ( 0.001847 -0.006498  0.016134)
240:   1283.07   0.000297    1.50  0.000072  ( 0.002334  0.002485 -0.007786)
241:   1283.80   0.000243    1.23  0.000059  ( 0.001741  0.007149 -0.002205)
242:   1284.62   0.000348    1.76  0.000085  ( 0.001680  0.003233 -0.008447)
243:   1286.00   0.000109    0.55  0.000027  ( 0.004884 -0.001102 -0.001211)
244:   1289.18   0.000458    2.31  0.000111  ( 0.006252 -0.007275  0.004343)
245:   1290.08   0.000764    3.86  0.000185  (-0.001534  0.003782  0.012967)
246:   1290.30   0.001487    7.51  0.000360  ( 0.009450  0.016430  0.000585)
247:   1290.34   0.000038    0.19  0.000009  (-0.002197 -0.001328 -0.001585)
248:   1291.11   0.002714   13.71  0.000656  (-0.020128  0.005525 -0.014841)
249:   1294.44   0.000164    0.83  0.000040  (-0.004251  0.000728 -0.004573)
250:   1296.20   0.001922    9.71  0.000463  ( 0.012243 -0.007228  0.016141)
251:   1302.45   0.001083    5.47  0.000260  ( 0.008742 -0.005227  0.012483)
252:   1304.78   0.000569    2.88  0.000136  (-0.007990 -0.003340  0.007822)
253:   1308.06   0.001298    6.56  0.000310  (-0.009834  0.004020 -0.014025)
254:   1308.94   0.001900    9.60  0.000453  (-0.017269  0.009510 -0.008020)
255:   1312.10   0.000231    1.17  0.000055  ( 0.000908 -0.000685 -0.007327)
256:   1313.42   0.000413    2.09  0.000098  ( 0.001922 -0.003673  0.008996)
257:   1328.40   0.002778   14.04  0.000653  (-0.024416 -0.002099 -0.007221)
258:   1328.55   0.000587    2.97  0.000138  (-0.006637  0.009583  0.001455)
259:   1331.63   0.001204    6.08  0.000282  (-0.004805 -0.016046  0.001256)
260:   1336.37   0.000022    0.11  0.000005  ( 0.001446  0.000839  0.001528)
261:   1339.53   0.000386    1.95  0.000090  (-0.007926  0.005196 -0.000071)
262:   1340.13   0.003754   18.97  0.000874  (-0.015936  0.023993 -0.006668)
263:   1340.42   0.000625    3.16  0.000146  (-0.005985 -0.006763  0.008001)
264:   1341.37   0.003045   15.39  0.000708  ( 0.010544 -0.000086  0.024438)
265:   1346.07   0.003452   17.45  0.000800  ( 0.014288  0.009681 -0.022416)
266:   1351.10   0.000394    1.99  0.000091  (-0.007961 -0.002381  0.004683)
267:   1353.59   0.000131    0.66  0.000030  (-0.003321 -0.001491 -0.004127)
268:   1354.98   0.000617    3.12  0.000142  (-0.007778  0.002361  0.008715)
269:   1355.32   0.001018    5.15  0.000234  (-0.004539  0.001299  0.014566)
270:   1355.86   0.000477    2.41  0.000110  ( 0.000630  0.008262 -0.006420)
271:   1357.64   0.000121    0.61  0.000028  ( 0.004756 -0.001624  0.001598)
272:   1362.12   0.000253    1.28  0.000058  (-0.004017 -0.006450 -0.000573)
273:   1363.53   0.000231    1.17  0.000053  (-0.005209  0.004655  0.002033)
274:   1364.03   0.000852    4.30  0.000195  (-0.007837  0.006421  0.009600)
275:   1364.51   0.009590   48.46  0.002193  ( 0.019054  0.008214  0.041984)
276:   1365.40   0.000542    2.74  0.000124  ( 0.010668 -0.002894 -0.001343)
277:   1368.28   0.001048    5.30  0.000239  ( 0.005552 -0.003079  0.014097)
278:   1378.09   0.000331    1.67  0.000075  (-0.005916 -0.005442 -0.003217)
279:   1384.30   0.001727    8.73  0.000389  (-0.007533 -0.015152  0.010153)
280:   1384.36   0.000253    1.28  0.000057  (-0.001784  0.001207  0.007246)
281:   1386.65   0.001055    5.33  0.000238  ( 0.014171 -0.004515 -0.004037)
282:   1392.29   0.004799   24.25  0.001076  (-0.031116  0.009378 -0.004408)
283:   1395.14   0.000448    2.27  0.000100  (-0.000173 -0.002112  0.009787)
284:   1409.99   0.001810    9.15  0.000401  ( 0.008045 -0.009411  0.015726)
285:   1410.28   0.000719    3.63  0.000159  ( 0.001518 -0.002811 -0.012201)
286:   1410.64   0.000560    2.83  0.000124  (-0.007831 -0.007724  0.001718)
287:   1412.77   0.000301    1.52  0.000066  (-0.006933 -0.001769  0.003899)
288:   1416.19   0.001172    5.92  0.000258  ( 0.001420  0.003372 -0.015650)
289:   1416.28   0.000060    0.30  0.000013  (-0.002533 -0.000086  0.002600)
290:   1416.79   0.000410    2.07  0.000090  ( 0.002407 -0.007198 -0.005714)
291:   1417.00   0.000784    3.96  0.000173  (-0.008523  0.009989  0.000472)
292:   1417.36   0.000313    1.58  0.000069  ( 0.001185  0.003026  0.007642)
293:   1418.13   0.000264    1.33  0.000058  (-0.002045 -0.003473  0.006461)
294:   1418.30   0.000170    0.86  0.000037  (-0.003236 -0.001335  0.005018)
295:   1419.94   0.000029    0.15  0.000006  ( 0.001755 -0.001646  0.000772)
296:   1421.09   0.000305    1.54  0.000067  (-0.000310  0.005980  0.005588)
297:   1421.67   0.000167    0.84  0.000037  ( 0.001010 -0.000183  0.005963)
298:   1421.88   0.000280    1.42  0.000061  (-0.004519  0.006327 -0.001001)
299:   1423.17   0.000224    1.13  0.000049  ( 0.003833  0.003290 -0.004866)
300:   1423.86   0.000488    2.47  0.000107  (-0.009859  0.002729 -0.001524)
301:   1424.15   0.000344    1.74  0.000075  ( 0.001013  0.008482  0.001566)
302:   1424.59   0.000277    1.40  0.000061  (-0.006887 -0.000253 -0.003624)
303:   1426.49   0.000244    1.23  0.000053  (-0.007006 -0.001756 -0.001084)
304:   1428.66   0.000446    2.26  0.000098  ( 0.007033 -0.000763  0.006890)
305:   1428.98   0.000234    1.18  0.000051  ( 0.003181  0.001074 -0.006304)
306:   1429.21   0.000881    4.45  0.000192  ( 0.000085 -0.013506  0.003153)
307:   1429.47   0.000584    2.95  0.000128  ( 0.009201  0.003791  0.005344)
308:   1430.35   0.000213    1.07  0.000046  (-0.002825  0.006085 -0.001173)
309:   1431.15   0.000165    0.83  0.000036  ( 0.000127  0.001926  0.005682)
310:   1434.75   0.001128    5.70  0.000245  ( 0.012878 -0.007259  0.005176)
311:   1435.86   0.000933    4.72  0.000203  ( 0.003991  0.012830  0.004726)
312:   1436.97   0.000362    1.83  0.000079  ( 0.006164 -0.004554  0.004470)
313:   1437.42   0.000224    1.13  0.000049  (-0.003807  0.004604  0.003612)
314:   1437.89   0.000309    1.56  0.000067  ( 0.007342  0.000519  0.003578)
315:   1439.74   0.000757    3.83  0.000164  (-0.004945 -0.004886 -0.010763)
316:   1440.12   0.000556    2.81  0.000120  ( 0.010763 -0.002107 -0.000389)
317:   1442.44   0.000352    1.78  0.000076  (-0.002043  0.007412  0.004138)
318:   1443.01   0.000691    3.49  0.000149  ( 0.001534  0.002925  0.011766)
319:   1443.48   0.000329    1.66  0.000071  (-0.000418 -0.000082  0.008429)
320:   1447.30   0.001678    8.48  0.000362  ( 0.013039 -0.001668  0.013750)
321:   1447.86   0.000207    1.04  0.000045  ( 0.003658  0.003188  0.004583)
322:   1448.60   0.000373    1.88  0.000080  (-0.005097 -0.007230  0.001416)
323:   1451.25   0.001095    5.53  0.000235  ( 0.005043  0.005328  0.013474)
324:   1456.68   0.005496   27.78  0.001178  ( 0.013057 -0.001093 -0.031715)
325:   1473.88   0.005365   27.11  0.001136  (-0.001811 -0.029299  0.016562)
326:   1664.26   0.000482    2.44  0.000090  (-0.004536  0.008245 -0.001369)
327:   1667.13   0.000230    1.16  0.000043  ( 0.001894 -0.002366 -0.005818)
328:   1742.45   0.035041  177.08  0.006276  (-0.024581 -0.041851  0.062609)
329:   1760.77   0.033373  168.65  0.005915  (-0.073966  0.002846  0.020874)
330:   2862.70   0.009275   46.87  0.001011  ( 0.020977  0.022054  0.009199)
331:   2882.68   0.007690   38.86  0.000832  (-0.015718  0.020223  0.013283)
332:   2898.54   0.000052    0.26  0.000006  (-0.000332 -0.002279 -0.000516)
333:   2900.20   0.000874    4.42  0.000094  (-0.007045 -0.006615  0.000810)
334:   2901.16   0.000810    4.09  0.000087  ( 0.008605 -0.001588  0.003243)
335:   2901.20   0.002360   11.93  0.000254  (-0.009424 -0.004227 -0.012131)
336:   2901.69   0.000732    3.70  0.000079  (-0.005824 -0.005797  0.003338)
337:   2903.52   0.001995   10.08  0.000214  (-0.005654 -0.002483 -0.013279)
338:   2904.10   0.000937    4.74  0.000101  ( 0.006499  0.007645 -0.000092)
339:   2906.00   0.000056    0.28  0.000006  (-0.001962  0.000478  0.001382)
340:   2906.31   0.001032    5.21  0.000111  (-0.008606 -0.001799  0.005788)
341:   2907.82   0.004412   22.30  0.000473  ( 0.014747  0.015808  0.002476)
342:   2909.89   0.001554    7.85  0.000167  ( 0.001014  0.007414 -0.010521)
343:   2910.20   0.007086   35.81  0.000760  (-0.003904  0.005408  0.026746)
344:   2910.36   0.006020   30.42  0.000645  (-0.024428  0.005863 -0.003795)
345:   2911.61   0.008346   42.18  0.000895  ( 0.002573 -0.018775  0.023139)
346:   2912.51   0.005924   29.94  0.000635  ( 0.014123  0.017982 -0.010580)
347:   2912.75   0.007992   40.39  0.000856  (-0.012315  0.006372 -0.025767)
348:   2914.52   0.009429   47.65  0.001010  (-0.018898 -0.024172 -0.008257)
349:   2915.35   0.006957   35.16  0.000745  ( 0.005357  0.024512 -0.010730)
350:   2915.70   0.004071   20.58  0.000436  ( 0.001615  0.012095  0.016937)
351:   2917.48   0.010054   50.81  0.001075  ( 0.032276  0.004313 -0.003886)
352:   2918.13   0.009601   48.52  0.001027  (-0.000064  0.020505  0.024622)
353:   2918.78   0.004282   21.64  0.000458  ( 0.018631 -0.009349  0.004827)
354:   2921.42   0.006264   31.66  0.000669  (-0.020230 -0.006471 -0.014765)
355:   2922.38   0.007860   39.72  0.000839  ( 0.020092 -0.014809 -0.014709)
356:   2923.03   0.008443   42.67  0.000901  ( 0.022382  0.019398 -0.004917)
357:   2924.36   0.003815   19.28  0.000407  (-0.018651  0.006132 -0.004646)
358:   2924.73   0.000813    4.11  0.000087  (-0.007916 -0.001923  0.004513)
359:   2924.94   0.006744   34.08  0.000720  (-0.008020 -0.011608  0.022814)
360:   2926.81   0.002066   10.44  0.000220  ( 0.005803 -0.005300 -0.012592)
361:   2927.47   0.006329   31.98  0.000675  ( 0.007601 -0.003100 -0.024642)
362:   2935.73   0.000445    2.25  0.000047  ( 0.004093  0.004459  0.003266)
363:   2936.42   0.005119   25.87  0.000544  ( 0.011038 -0.020230  0.003592)
364:   2937.30   0.000846    4.27  0.000090  ( 0.007481  0.003240 -0.004835)
365:   2940.12   0.004193   21.19  0.000445  ( 0.004099  0.011319 -0.017325)
366:   2941.52   0.002515   12.71  0.000267  (-0.001060 -0.015961  0.003310)
367:   2941.59   0.033574  169.67  0.003562  (-0.031072  0.018868 -0.047331)
368:   2942.65   0.003727   18.83  0.000395  ( 0.000293 -0.004596 -0.019339)
369:   2944.49   0.002228   11.26  0.000236  (-0.005705 -0.012839 -0.006227)
370:   2945.53   0.000701    3.54  0.000074  (-0.001927 -0.001369 -0.008288)
371:   2946.43   0.001785    9.02  0.000189  (-0.011696  0.001306  0.007110)
372:   2946.80   0.011725   59.26  0.001242  (-0.006489  0.027538 -0.021006)
373:   2947.03   0.002976   15.04  0.000315  (-0.015916 -0.007715  0.001501)
374:   2948.41   0.004360   22.03  0.000461  (-0.007890  0.019788  0.002769)
375:   2949.64   0.005792   29.27  0.000613  (-0.021924 -0.008480  0.007757)
376:   2950.11   0.001112    5.62  0.000118  (-0.002623  0.010498  0.000744)
377:   2952.82   0.002239   11.31  0.000237  ( 0.008339 -0.012695 -0.002429)
378:   2954.03   0.001013    5.12  0.000107  (-0.007601  0.002468 -0.006565)
379:   2955.25   0.002493   12.60  0.000263  (-0.011724 -0.010813 -0.002973)
380:   2963.29   0.016548   83.63  0.001743  (-0.040237  0.010008 -0.004849)
381:   2963.82   0.000475    2.40  0.000050  ( 0.003366 -0.005692  0.002501)
382:   2963.91   0.016692   84.35  0.001757  (-0.013767  0.027007 -0.028957)
383:   2964.30   0.012755   64.46  0.001343  ( 0.017364  0.031090 -0.008639)
384:   2965.41   0.012142   61.36  0.001278  (-0.024777  0.005718  0.025123)
385:   2966.23   0.005509   27.84  0.000580  (-0.016957  0.016078  0.005790)
386:   2968.11   0.006879   34.76  0.000723  ( 0.022027  0.014729  0.004597)
387:   2971.06   0.011932   60.30  0.001253  (-0.016770 -0.005655 -0.030661)
388:   2972.63   0.009234   46.67  0.000969  ( 0.023832 -0.019710  0.003597)
389:   2974.27   0.009251   46.75  0.000971  ( 0.000513 -0.030154  0.007816)
390:   2981.67   0.004365   22.06  0.000457  ( 0.007404 -0.000299 -0.020048)
391:   2984.19   0.003382   17.09  0.000354  ( 0.018181 -0.003791  0.002959)
392:   2991.28   0.000416    2.10  0.000043  (-0.004834  0.003391 -0.002923)
393:   2993.52   0.008644   43.69  0.000901  ( 0.003878  0.025662 -0.015085)
394:   2994.26   0.006796   34.35  0.000708  (-0.008480 -0.019187 -0.016379)
395:   2996.11   0.002428   12.27  0.000253  ( 0.014441  0.006191  0.002444)
396:   2998.21   0.006173   31.20  0.000643  ( 0.016816  0.005177  0.018246)
397:   3000.71   0.006902   34.88  0.000718  (-0.025438  0.006891  0.004814)
398:   3002.34   0.003228   16.31  0.000335  ( 0.015090 -0.008571 -0.005857)
399:   3002.66   0.006296   31.82  0.000654  (-0.003596  0.018516 -0.017280)
400:   3003.49   0.002264   11.44  0.000235  (-0.002095  0.002782  0.014935)
401:   3008.80   0.002776   14.03  0.000288  (-0.016263 -0.003661 -0.003169)
402:   3011.58   0.001940    9.80  0.000201  (-0.002750  0.013032 -0.004858)
403:   3012.92   0.001391    7.03  0.000144  ( 0.009727  0.006991 -0.000745)
404:   3016.38   0.002092   10.57  0.000216  (-0.001624 -0.009288  0.011295)
405:   3028.62   0.012012   60.70  0.001238  (-0.008188  0.025857  0.022406)
406:   3032.93   0.000636    3.21  0.000065  (-0.002052  0.005724  0.005333)
407:   3034.12   0.009021   45.59  0.000928  (-0.020402  0.021608  0.006681)
408:   3037.86   0.001042    5.27  0.000107  ( 0.004159  0.009232  0.002127)
409:   3042.93   0.015647   79.08  0.001605  ( 0.024492  0.001028  0.031683)
410:   3060.58   0.000368    1.86  0.000038  ( 0.003280 -0.001828  0.004839)
411:   3064.59   0.001010    5.11  0.000103  (-0.001915 -0.009302  0.003561)
412:   3066.05   0.000853    4.31  0.000087  (-0.006136  0.007003 -0.000276)
413:   3086.10   0.005504   27.81  0.000557  (-0.007142  0.007339 -0.021253)
