  6:      6.24   0.000127    0.64  0.006323  (-0.044094 -0.030618 -0.058666)
  7:      6.55   0.000041    0.21  0.001951  ( 0.010323 -0.040736 -0.013592)
  8:      8.37   0.000035    0.18  0.001296  (-0.029927  0.001820 -0.019915)
  9:     10.91   0.000080    0.40  0.002282  (-0.014548 -0.030229 -0.034011)
 10:     12.92   0.000138    0.70  0.003333  (-0.016737  0.051490  0.020032)
 11:     14.95   0.000323    1.63  0.006736  ( 0.073365 -0.030120  0.021128)
 12:     20.57   0.000225    1.14  0.003409  (-0.015373  0.052283  0.020963)
 13:     23.35   0.000116    0.59  0.001551  ( 0.034101 -0.006541  0.018579)
 14:     24.81   0.000089    0.45  0.001116  ( 0.031044 -0.010260  0.006832)
 15:     29.16   0.000616    3.11  0.006590  (-0.009280 -0.072312 -0.035709)
 16:     31.97   0.000202    1.02  0.001973  (-0.029802  0.032876 -0.002055)
 17:     33.23   0.000201    1.02  0.001888  (-0.022760 -0.024527 -0.027717)
 18:     35.07   0.000019    0.10  0.000172  ( 0.010955  0.005767 -0.004303)
 19:     39.68   0.000094    0.47  0.000737  (-0.024153  0.008929  0.008598)
 20:     42.95   0.000105    0.53  0.000762  (-0.024290  0.013024 -0.001552)
 21:     44.25   0.000058    0.30  0.000412  (-0.007569  0.013790  0.012831)
 22:     46.01   0.000389    1.96  0.002636  ( 0.042639 -0.024036 -0.015506)
 23:     51.98   0.000010    0.05  0.000061  (-0.003063  0.002925 -0.006537)
 24:     54.59   0.000082    0.41  0.000467  (-0.001963 -0.016779 -0.013465)
 25:     55.23   0.000044    0.22  0.000247  ( 0.013230 -0.001445  0.008383)
 26:     58.99   0.000041    0.21  0.000215  ( 0.012473  0.006773 -0.003717)
 27:     63.56   0.000015    0.07  0.000072  (-0.007934  0.001093  0.002845)
 28:     73.02   0.000019    0.10  0.000081  ( 0.001018  0.003952  0.007997)
 29:     78.98   0.000142    0.72  0.000563  ( 0.001489  0.007190  0.022554)
 30:     81.01   0.000591    2.99  0.002277  ( 0.021894 -0.027990  0.031839)
 31:     84.06   0.000529    2.67  0.001965  ( 0.006327 -0.004102 -0.043679)
 32:     91.85   0.000110    0.56  0.000374  ( 0.001434  0.007022  0.017953)
 33:     94.82   0.000473    2.39  0.001556  ( 0.004800 -0.009100 -0.038079)
 34:    100.19   0.000075    0.38  0.000233  ( 0.011722 -0.009758  0.000203)
 35:    104.34   0.000055    0.28  0.000165  (-0.001325  0.003774  0.012216)
 36:    107.44   0.000323    1.63  0.000939  (-0.007700  0.000541 -0.029661)
 37:    110.70   0.000143    0.72  0.000403  (-0.008163  0.007840  0.016567)
 38:    113.49   0.000287    1.45  0.000790  ( 0.028099  0.000012 -0.000853)
 39:    117.38   0.000006    0.03  0.000015  (-0.000717 -0.001240 -0.003580)
 40:    118.18   0.000124    0.63  0.000327  ( 0.004367  0.002487 -0.017364)
 41:    123.67   0.000068    0.34  0.000171  ( 0.010226  0.007939  0.001931)
 42:    126.48   0.000039    0.20  0.000097  (-0.004045 -0.003220 -0.008406)
 43:    129.58   0.001073    5.42  0.002584  (-0.021716 -0.013265  0.044006)
 44:    132.80   0.000463    2.34  0.001088  ( 0.016297  0.007897 -0.027576)
 45:    135.75   0.000060    0.30  0.000138  (-0.003143 -0.004870 -0.010236)
 46:    138.96   0.000790    3.99  0.001774  ( 0.038237  0.016323 -0.006770)
 47:    142.83   0.000084    0.42  0.000183  ( 0.005926  0.002565 -0.011893)
 48:    149.71   0.000005    0.02  0.000010  (-0.000745 -0.000440 -0.003022)
 49:    157.36   0.000030    0.15  0.000060  (-0.007207 -0.002180  0.001912)
 50:    163.32   0.000859    4.34  0.001641  (-0.022791 -0.027487  0.019145)
 51:    168.34   0.000046    0.23  0.000084  (-0.003623  0.005900 -0.006036)
 52:    172.35   0.000143    0.72  0.000258  (-0.006029 -0.011543  0.009412)
 53:    176.81   0.001004    5.07  0.001771  ( 0.001217 -0.039272  0.015080)
 54:    182.36   0.001162    5.87  0.001989  ( 0.006191  0.002443 -0.044097)
 55:    185.83   0.000578    2.92  0.000970  (-0.006329  0.006502  0.029800)
 56:    188.57   0.000261    1.32  0.000432  ( 0.009122  0.003261 -0.018395)
 57:    200.01   0.000417    2.11  0.000651  (-0.015520 -0.017093  0.010878)
 58:    207.45   0.000067    0.34  0.000101  ( 0.005491  0.006482 -0.005338)
 59:    220.93   0.000069    0.35  0.000097  (-0.004722 -0.004301  0.007506)
 60:    226.08   0.000685    3.46  0.000945  (-0.022019 -0.011218  0.018288)
 61:    233.15   0.000602    3.04  0.000806  (-0.001499 -0.017702  0.022151)
 62:    239.30   0.001041    5.26  0.001358  (-0.005584 -0.021146  0.029658)
 63:    250.12   0.000313    1.58  0.000391  ( 0.009004 -0.012976 -0.011901)
 64:    253.47   0.000038    0.19  0.000047  ( 0.000247 -0.003965 -0.005584)
 65:    257.55   0.000012    0.06  0.000015  ( 0.001179  0.000807  0.003583)
 66:    260.90   0.000413    2.09  0.000494  (-0.005521  0.006477 -0.020524)
 67:    264.95   0.000003    0.02  0.000004  (-0.000226 -0.000734 -0.001871)
 68:    268.01   0.000027    0.13  0.000031  ( 0.001844  0.000933  0.005173)
 69:    276.89   0.000305    1.54  0.000343  (-0.006181 -0.003293 -0.017156)
 70:    286.22   0.000539    2.73  0.000588  (-0.006677  0.000070 -0.023315)
 71:    295.24   0.000070    0.35  0.000074  ( 0.006127 -0.005927  0.000936)
 72:    304.30   0.000124    0.63  0.000127  ( 0.010242  0.004210 -0.002154)
 73:    308.28   0.000172    0.87  0.000174  (-0.002158  0.012759  0.002581)
 74:    310.98   0.000189    0.95  0.000189  (-0.002310 -0.004325  0.012862)
 75:    316.72   0.000407    2.06  0.000401  ( 0.014689  0.012624  0.005089)
 76:    332.59   0.000196    0.99  0.000184  ( 0.003956  0.012883 -0.001573)
 77:    333.82   0.000375    1.89  0.000350  (-0.016004  0.003631  0.009009)
 78:    338.25   0.000221    1.11  0.000203  ( 0.008665  0.006691 -0.009143)
 79:    347.96   0.000386    1.95  0.000346  (-0.013262 -0.002914  0.012727)
 80:    352.03   0.001692    8.55  0.001500  (-0.015028 -0.004859  0.035362)
 81:    356.31   0.000520    2.63  0.000456  (-0.002694 -0.014747  0.015201)
 82:    356.85   0.000795    4.02  0.000695  (-0.016895 -0.006905  0.019036)
 83:    366.51   0.004334   21.90  0.003691  (-0.014845 -0.032644  0.049036)
 84:    373.99   0.000252    1.27  0.000210  (-0.006163 -0.006629  0.011316)
 85:    387.07   0.000542    2.74  0.000437  (-0.019514  0.007455 -0.000889)
 86:    392.65   0.000380    1.92  0.000302  ( 0.003473 -0.007496  0.015299)
 87:    398.27   0.000964    4.87  0.000755  (-0.008994  0.015247 -0.021021)
 88:    402.31   0.000067    0.34  0.000052  ( 0.000448  0.002200 -0.006833)
 89:    406.02   0.000104    0.53  0.000080  (-0.001718  0.006545 -0.005877)
 90:    413.75   0.000399    2.02  0.000301  (-0.006094  0.000696 -0.016232)
 91:    416.17   0.000475    2.40  0.000356  (-0.005798 -0.003546  0.017600)
 92:    428.36   0.000200    1.01  0.000146  (-0.004147 -0.000095 -0.011330)
 93:    432.70   0.004652   23.51  0.003355  ( 0.034167 -0.010271  0.045631)
 94:    446.03   0.001551    7.84  0.001085  ( 0.003322  0.002026 -0.032709)
 95:    455.92   0.002072   10.47  0.001418  ( 0.009629  0.005369 -0.036012)
 96:    459.59   0.001350    6.82  0.000916  ( 0.003367 -0.029736  0.004559)
 97:    466.68   0.000094    0.47  0.000063  ( 0.002846 -0.003561  0.006479)
 98:    475.67   0.000346    1.75  0.000227  (-0.012926 -0.007531  0.001826)
 99:    485.01   0.007882   39.83  0.005071  (-0.009289 -0.019824  0.067764)
100:    491.79   0.003403   17.20  0.002160  (-0.022014  0.020168  0.035613)
101:    500.19   0.000288    1.45  0.000179  (-0.004715 -0.004448  0.011723)
102:    507.08   0.000157    0.79  0.000097  (-0.009144  0.003495 -0.000865)
103:    524.50   0.000471    2.38  0.000280  (-0.015799 -0.004981  0.002440)
104:    552.83   0.007633   38.57  0.004309  (-0.027194 -0.035777  0.047845)
105:    557.00   0.000734    3.71  0.000411  ( 0.010096  0.017003 -0.004465)
106:    557.97   0.025228  127.49  0.014110  ( 0.065407  0.066035 -0.073965)
107:    566.52   0.000967    4.89  0.000533  (-0.015869  0.002871  0.016510)
108:    567.66   0.000940    4.75  0.000517  (-0.016197  0.011565  0.010974)
109:    570.37   0.003711   18.75  0.002030  ( 0.014292  0.023379 -0.035771)
110:    581.71   0.001895    9.57  0.001016  ( 0.019718  0.023759 -0.007942)
111:    601.06   0.016281   82.28  0.008453  ( 0.071051  0.057600 -0.009324)
112:    611.34   0.003578   18.08  0.001826  (-0.036267 -0.012942  0.018538)
113:    651.61   0.000973    4.92  0.000466  (-0.007492  0.008417  0.018408)
114:    656.26   0.000616    3.12  0.000293  (-0.012460 -0.004759 -0.010735)
115:    699.89   0.001032    5.22  0.000460  (-0.003811  0.008868  0.019162)
116:    723.46   0.001039    5.25  0.000448  ( 0.001616 -0.008639  0.019261)
117:    726.75   0.000466    2.35  0.000200  ( 0.002252  0.013398  0.003934)
118:    727.44   0.001114    5.63  0.000478  (-0.013416  0.013315  0.010990)
119:    727.96   0.000731    3.70  0.000314  (-0.006242 -0.007544 -0.014753)
120:    733.75   0.000448    2.26  0.000191  (-0.006692  0.000321 -0.012070)
121:    735.97   0.000304    1.54  0.000129  (-0.011238 -0.001468  0.000599)
122:    741.05   0.005134   25.94  0.002162  (-0.020350 -0.013958 -0.039406)
123:    745.52   0.000434    2.19  0.000182  (-0.013318  0.001811 -0.001028)
124:    746.96   0.004475   22.61  0.001869  (-0.020241 -0.037677  0.006335)
125:    753.70   0.000637    3.22  0.000264  ( 0.007677  0.014275  0.001003)
126:    754.56   0.002874   14.53  0.001189  ( 0.020215  0.026804  0.007853)
127:    761.54   0.000317    1.60  0.000130  (-0.002302 -0.008020  0.007773)
128:    765.82   0.063646  321.64  0.025935  (-0.025456 -0.085443  0.134114)
129:    783.77   0.001229    6.21  0.000489  ( 0.009013 -0.002598  0.020035)
130:    783.81   0.000785    3.97  0.000313  ( 0.000744 -0.002144  0.017538)
131:    795.00   0.004531   22.90  0.001778  (-0.012327  0.027940  0.029083)
132:    796.46   0.001161    5.87  0.000455  ( 0.016883  0.012123 -0.004789)
133:    804.28   0.000444    2.24  0.000172  (-0.000577 -0.006228  0.011533)
134:    812.26   0.003360   16.98  0.001291  ( 0.020921 -0.020489  0.020822)
135:    826.48   0.003092   15.62  0.001167  (-0.015250  0.029668 -0.007395)
136:    834.69   0.002232   11.28  0.000834  (-0.027203  0.001990 -0.009514)
137:    841.88   0.000877    4.43  0.000325  ( 0.012411  0.012914  0.002043)
138:    843.60   0.000497    2.51  0.000184  ( 0.007581 -0.004746  0.010196)
139:    844.39   0.000407    2.06  0.000150  (-0.003449 -0.008655 -0.007969)
140:    853.40   0.001613    8.15  0.000590  ( 0.005326 -0.021207  0.010565)
141:    861.67   0.000809    4.09  0.000293  (-0.002193 -0.015974 -0.005744)
142:    864.03   0.000481    2.43  0.000174  (-0.002383  0.005925 -0.011533)
143:    867.31   0.000049    0.25  0.000018  ( 0.002261 -0.002071  0.002877)
144:    872.28   0.000676    3.41  0.000242  (-0.008133  0.009654 -0.009077)
145:    881.46   0.000363    1.83  0.000128  (-0.002576  0.004076 -0.010256)
146:    884.73   0.005394   27.26  0.001903  ( 0.020936 -0.013833  0.035678)
147:    889.66   0.000125    0.63  0.000044  (-0.004673  0.002951 -0.003634)
148:    892.51   0.000768    3.88  0.000268  ( 0.007507 -0.012888 -0.006774)
149:    899.67   0.001146    5.79  0.000397  ( 0.001702 -0.014885  0.013151)
150:    906.78   0.001199    6.06  0.000413  (-0.000056 -0.006339  0.019297)
151:    912.64   0.000791    4.00  0.000271  ( 0.001586 -0.005853  0.015293)
152:    914.03   0.010569   53.41  0.003608  (-0.027738 -0.026337  0.046316)
153:    917.32   0.001116    5.64  0.000380  ( 0.007299 -0.011609  0.013838)
154:    932.18   0.000124    0.63  0.000042  (-0.003189 -0.002556 -0.004993)
155:    936.76   0.000239    1.21  0.000080  ( 0.001825  0.000010 -0.008728)
156:    941.09   0.004847   24.49  0.001607  ( 0.004603  0.031742 -0.024050)
157:    945.42   0.001928    9.74  0.000636  (-0.008705 -0.011417  0.020743)
158:    946.31   0.013892   70.20  0.004581  ( 0.008410  0.022553 -0.063259)
159:    957.79   0.004167   21.06  0.001358  ( 0.010893  0.006776 -0.034539)
160:    960.32   0.006016   30.40  0.001955  ( 0.002671  0.033888 -0.028273)
161:    972.82   0.000484    2.45  0.000155  (-0.002030  0.005586 -0.010950)
162:    981.63   0.000287    1.45  0.000091  ( 0.003435  0.002418  0.008578)
163:    982.55   0.000243    1.23  0.000077  (-0.001566  0.008291 -0.002465)
164:    986.71   0.001034    5.22  0.000327  (-0.003637 -0.008620  0.015474)
165:    987.78   0.000177    0.89  0.000056  ( 0.004909  0.001142 -0.005523)
166:    994.60   0.000345    1.75  0.000108  (-0.004360 -0.008797  0.003462)
167:    997.58   0.000976    4.93  0.000305  (-0.006696  0.005785 -0.015072)
168:    998.02   0.001034    5.23  0.000323  ( 0.009341  0.000030 -0.015368)
169:   1001.64   0.014246   71.99  0.004438  (-0.008114 -0.019270  0.063256)
170:   1002.07   0.010240   51.75  0.003189  ( 0.010499  0.012649 -0.054025)
171:   1006.78   0.001087    5.49  0.000337  (-0.007304  0.006506 -0.015531)
172:   1013.28   0.000985    4.98  0.000303  (-0.001989  0.014956 -0.008702)
173:   1015.97   0.000176    0.89  0.000054  ( 0.003753  0.006247 -0.000898)
174:   1018.40   0.003669   18.54  0.001124  ( 0.011018 -0.002249  0.031589)
175:   1019.07   0.074390  375.93  0.022780  ( 0.055002 -0.037186  0.135543)
176:   1021.70   0.000637    3.22  0.000194  (-0.000868 -0.013793  0.001867)
177:   1024.12   0.007810   39.47  0.002380  (-0.018095 -0.028129  0.035513)
178:   1029.93   0.000136    0.69  0.000041  ( 0.000387 -0.001127  0.006309)
179:   1031.02   0.003156   15.95  0.000955  (-0.006441  0.000680  0.030219)
180:   1035.60   0.002376   12.01  0.000716  ( 0.011832 -0.003589 -0.023732)
181:   1039.56   0.009954   50.30  0.002988  ( 0.030205 -0.007455 -0.044946)
182:   1040.35   0.001002    5.07  0.000301  ( 0.010384 -0.000780 -0.013866)
183:   1042.49   0.009021   45.59  0.002700  (-0.018639  0.010825  0.047284)
184:   1045.57   0.004743   23.97  0.001416  (-0.013575  0.009174  0.033869)
185:   1048.79   0.000158    0.80  0.000047  ( 0.006457 -0.000520 -0.002254)
186:   1049.43   0.000169    0.86  0.000050  ( 0.006651 -0.001662 -0.001836)
187:   1051.20   0.000782    3.95  0.000232  ( 0.003365 -0.004175  0.014267)
188:   1052.28   0.000285    1.44  0.000085  ( 0.000638 -0.008996  0.001810)
189:   1056.24   0.001303    6.59  0.000385  ( 0.000924  0.009945 -0.016891)
190:   1058.71   0.000592    2.99  0.000174  ( 0.006250 -0.011195 -0.003163)
191:   1065.26   0.000133    0.67  0.000039  ( 0.001876 -0.002510  0.005404)
192:   1067.13   0.016677   84.28  0.004877  ( 0.029977  0.009832 -0.062303)
193:   1077.68   0.020113  101.64  0.005824  (-0.040470 -0.050454  0.040505)
194:   1078.60   0.012513   63.23  0.003620  ( 0.015912 -0.050079  0.029311)
195:   1081.97   0.003239   16.37  0.000934  ( 0.005623  0.029955  0.002266)
196:   1097.07   0.003542   17.90  0.001007  (-0.027916  0.004749  0.014337)
197:   1098.84   0.003266   16.51  0.000928  ( 0.006857  0.025316 -0.015479)
198:   1100.42   0.005509   27.84  0.001562  ( 0.028127  0.010971 -0.025512)
199:   1103.02   0.009427   47.64  0.002667  ( 0.009224  0.037192 -0.034624)
200:   1106.11   0.000995    5.03  0.000281  (-0.005712 -0.005076  0.014913)
201:   1115.19   0.006129   30.97  0.001715  ( 0.028674  0.017719 -0.024061)
202:   1118.35   0.006032   30.48  0.001683  (-0.007966 -0.035821  0.018347)
203:   1123.74   0.000246    1.24  0.000068  (-0.001534 -0.005556  0.005913)
204:   1123.90   0.000480    2.43  0.000133  ( 0.008319 -0.007899  0.001315)
205:   1136.21   0.011075   55.97  0.003042  (-0.046319  0.010288  0.028117)
206:   1145.47   0.034632  175.01  0.009435  ( 0.004504  0.079479 -0.055656)
207:   1151.24   0.001437    7.26  0.000389  (-0.001842  0.019540 -0.002056)
208:   1153.46   0.000208    1.05  0.000056  (-0.002665  0.002148  0.006677)
209:   1174.41   0.000049    0.25  0.000013  (-0.002673  0.001838  0.001591)
210:   1189.73   0.006171   31.19  0.001619  ( 0.011576 -0.037347  0.009483)
211:   1190.99   0.000666    3.36  0.000174  ( 0.006387 -0.011325  0.002328)
212:   1193.80   0.006580   33.25  0.001720  (-0.000373  0.041413  0.002213)
213:   1194.89   0.001912    9.66  0.000499  ( 0.011229 -0.019120 -0.002750)
214:   1196.41   0.000546    2.76  0.000143  ( 0.000808 -0.011899 -0.000518)
215:   1205.84   0.013115   66.28  0.003394  ( 0.008018 -0.043959  0.037383)
216:   1206.84   0.006113   30.89  0.001581  (-0.021197  0.033370  0.004211)
217:   1214.72   0.038445  194.28  0.009877  (-0.048690  0.065624  0.056562)
218:   1220.29   0.000708    3.58  0.000181  ( 0.002038 -0.012761  0.003766)
219:   1221.05   0.002216   11.20  0.000566  ( 0.004281  0.015117 -0.017877)
220:   1224.07   0.001037    5.24  0.000264  ( 0.001985  0.015071  0.005779)
221:   1225.67   0.000227    1.14  0.000058  (-0.001710 -0.001491  0.007248)
222:   1228.60   0.004132   20.88  0.001050  (-0.019248  0.013888  0.022050)
223:   1232.88   0.001727    8.73  0.000437  ( 0.004375  0.007977 -0.018828)
224:   1234.37   0.002433   12.30  0.000615  (-0.002592 -0.020094  0.014305)
225:   1237.09   0.000290    1.47  0.000073  (-0.005631 -0.002621  0.005882)
226:   1241.15   0.002395   12.10  0.000602  (-0.013899  0.013635 -0.014931)
227:   1247.87   0.000279    1.41  0.000070  ( 0.003527  0.004325  0.006222)
228:   1248.90   0.000567    2.87  0.000142  (-0.008494  0.002508  0.007956)
229:   1250.96   0.000999    5.05  0.000249  (-0.005295 -0.007061  0.013086)
230:   1254.33   0.000596    3.01  0.000148  (-0.002027 -0.006436  0.010138)
231:   1256.22   0.000273    1.38  0.000068  ( 0.007855  0.000770  0.002354)
232:   1258.42   0.000899    4.54  0.000223  (-0.010764  0.003519  0.009729)
233:   1262.89   0.000535    2.71  0.000132  ( 0.007903  0.008176 -0.001733)
234:   1264.12   0.001317    6.66  0.000325  (-0.015743  0.002673  0.008379)
235:   1265.35   0.000974    4.92  0.000240  (-0.000406 -0.011078  0.010832)
236:   1268.10   0.000940    4.75  0.000231  ( 0.003255 -0.014790 -0.001378)
237:   1270.43   0.000351    1.77  0.000086  ( 0.008755 -0.002038 -0.002328)
238:   1271.77   0.000077    0.39  0.000019  (-0.003117 -0.000787 -0.002936)
239:   1282.79   0.000107    0.54  0.000026  (-0.001301 -0.001516  0.004696)
240:   1283.25   0.000244    1.23  0.000059  (-0.002793  0.007165  0.000380)
241:   1285.08   0.000086    0.44  0.000021  (-0.003688 -0.001842 -0.001979)
242:   1285.93   0.000092    0.47  0.000022  (-0.001213 -0.004522 -0.000702)
243:   1286.57   0.000113    0.57  0.000027  ( 0.004756  0.000575 -0.002132)
244:   1286.93   0.000372    1.88  0.000090  (-0.007442 -0.005239  0.002733)
245:   1286.96   0.001028    5.19  0.000249  (-0.001876  0.013308 -0.008284)
246:   1289.32   0.000347    1.75  0.000084  (-0.002119  0.002841  0.008446)
247:   1289.36   0.002530   12.79  0.000612  (-0.017108 -0.009741  0.014994)
248:   1289.54   0.000062    0.31  0.000015  (-0.001389 -0.003197  0.001677)
249:   1293.61   0.000015    0.08  0.000004  ( 0.000703 -0.001565 -0.000854)
250:   1297.35   0.000404    2.04  0.000097  (-0.008235  0.001203  0.005292)
251:   1298.13   0.000172    0.87  0.000041  (-0.003747  0.002904 -0.004352)
252:   1303.99   0.001144    5.78  0.000274  ( 0.006629  0.004943 -0.014329)
253:   1305.76   0.000012    0.06  0.000003  (-0.000466 -0.001158  0.001182)
254:   1307.68   0.000848    4.29  0.000202  ( 0.006180 -0.012741 -0.001351)
255:   1315.95   0.000158    0.80  0.000037  ( 0.005692  0.001711 -0.001470)
256:   1317.19   0.005956   30.10  0.001411  (-0.013571  0.034932 -0.002586)
257:   1317.96   0.000265    1.34  0.000063  ( 0.005664  0.003239 -0.004492)
258:   1327.23   0.001191    6.02  0.000280  ( 0.002008 -0.002663 -0.016402)
259:   1329.20   0.000040    0.20  0.000009  ( 0.002431  0.001243  0.001373)
260:   1334.79   0.004201   21.23  0.000982  ( 0.003887  0.012117 -0.028638)
261:   1338.06   0.000140    0.71  0.000033  ( 0.001304 -0.005071  0.002307)
262:   1339.33   0.003584   18.11  0.000835  (-0.006436 -0.020550  0.019268)
263:   1340.09   0.000977    4.94  0.000228  ( 0.000574 -0.009051  0.012057)
264:   1346.35   0.000260    1.31  0.000060  ( 0.003405  0.006354 -0.002889)
265:   1347.15   0.002957   14.95  0.000685  (-0.026024  0.001639  0.002264)
266:   1351.86   0.001368    6.91  0.000316  (-0.002481 -0.013577  0.011191)
267:   1354.24   0.000085    0.43  0.000020  ( 0.004325 -0.000199  0.000920)
268:   1355.04   0.000305    1.54  0.000070  ( 0.001894  0.002422 -0.007790)
269:   1357.16   0.001903    9.62  0.000438  ( 0.010925  0.000662 -0.017829)
270:   1357.37   0.000502    2.54  0.000115  ( 0.000360 -0.008507  0.006556)
271:   1358.38   0.001121    5.66  0.000257  ( 0.007465 -0.003015 -0.013880)
272:   1362.66   0.000140    0.70  0.000032  ( 0.002678  0.003943 -0.003037)
273:   1362.83   0.000295    1.49  0.000068  ( 0.003612  0.004289 -0.006018)
274:   1363.71   0.000342    1.73  0.000078  (-0.003671 -0.005932  0.005440)
275:   1365.42   0.008872   44.83  0.002028  (-0.007161 -0.025031  0.036740)
276:   1366.99   0.000308    1.56  0.000070  (-0.000391  0.003618 -0.007554)
277:   1368.43   0.000572    2.89  0.000130  (-0.006262 -0.006287  0.007188)
278:   1379.83   0.000899    4.54  0.000203  ( 0.002580 -0.002957  0.013706)
279:   1382.01   0.001276    6.45  0.000288  ( 0.016632  0.002849  0.001839)
280:   1387.83   0.000604    3.05  0.000136  ( 0.000581 -0.004221  0.010846)
281:   1389.46   0.000690    3.49  0.000155  (-0.007234  0.000615  0.010118)
282:   1394.16   0.000359    1.81  0.000080  (-0.000431 -0.000345  0.008944)
283:   1396.65   0.002187   11.05  0.000489  ( 0.020256 -0.008581  0.002152)
284:   1407.79   0.001637    8.27  0.000363  (-0.001376 -0.017542  0.007296)
285:   1409.87   0.000689    3.48  0.000153  (-0.002949  0.004966 -0.010916)
286:   1411.22   0.001230    6.21  0.000272  (-0.014613  0.002802  0.007107)
287:   1413.78   0.000398    2.01  0.000088  (-0.000067  0.008834  0.003147)
288:   1414.29   0.000123    0.62  0.000027  (-0.004400 -0.002475 -0.001262)
289:   1414.67   0.000391    1.98  0.000086  (-0.007254 -0.004801  0.003255)
290:   1416.90   0.001221    6.17  0.000269  ( 0.004585  0.007566 -0.013807)
291:   1417.19   0.000196    0.99  0.000043  (-0.001949 -0.002829  0.005605)
292:   1417.71   0.000652    3.30  0.000144  (-0.008002 -0.008150  0.003619)
293:   1418.28   0.000117    0.59  0.000026  (-0.001672  0.002455 -0.004112)
294:   1418.76   0.000355    1.79  0.000078  ( 0.002940  0.006754 -0.004884)
295:   1419.74   0.000058    0.29  0.000013  (-0.003245  0.000676  0.001309)
296:   1420.35   0.000109    0.55  0.000024  ( 0.004561 -0.001230  0.001303)
297:   1421.46   0.000145    0.73  0.000032  ( 0.005078  0.001625  0.001835)
298:   1421.91   0.000411    2.08  0.000090  ( 0.005066 -0.007936 -0.001231)
299:   1422.19   0.000135    0.68  0.000030  ( 0.005367  0.000418  0.000797)
300:   1423.33   0.000372    1.88  0.000082  ( 0.003310 -0.008221 -0.001748)
301:   1424.34   0.000094    0.48  0.000021  (-0.001642  0.002851 -0.003131)
302:   1424.79   0.000594    3.00  0.000130  (-0.002763  0.010335 -0.003945)
303:   1425.67   0.000029    0.15  0.000006  (-0.001482 -0.000554  0.001946)
304:   1425.84   0.000075    0.38  0.000016  ( 0.003945 -0.000948  0.000026)
305:   1428.66   0.000520    2.63  0.000114  (-0.006226 -0.008222  0.002677)
306:   1429.32   0.000822    4.16  0.000180  ( 0.000366  0.005703  0.012120)
307:   1429.60   0.000960    4.85  0.000209  (-0.001945 -0.012434 -0.007148)
308:   1432.44   0.000305    1.54  0.000066  (-0.001771 -0.002469  0.007562)
309:   1433.93   0.001100    5.56  0.000239  (-0.014155  0.000853  0.006191)
310:   1434.15   0.000615    3.11  0.000134  ( 0.006954  0.009016 -0.002025)
311:   1434.38   0.000012    0.06  0.000003  ( 0.001572  0.000353  0.000095)
312:   1436.54   0.000178    0.90  0.000039  ( 0.002372 -0.000853  0.005685)
313:   1437.09   0.000127    0.64  0.000028  ( 0.001354 -0.004699  0.001938)
314:   1437.46   0.000064    0.32  0.000014  ( 0.002772 -0.001036  0.002262)
315:   1441.38   0.000820    4.15  0.000178  (-0.001114  0.005311 -0.012173)
316:   1444.50   0.000330    1.67  0.000071  (-0.005144 -0.003849  0.005475)
317:   1445.91   0.000487    2.46  0.000105  ( 0.009950  0.001311 -0.002101)
318:   1446.46   0.000080    0.41  0.000017  (-0.001819  0.003707 -0.000543)
319:   1447.01   0.001661    8.39  0.000358  (-0.012983 -0.009477  0.009991)
320:   1447.04   0.000229    1.16  0.000049  ( 0.002253  0.006220  0.002386)
321:   1447.78   0.000255    1.29  0.000055  (-0.003159 -0.006294  0.002303)
322:   1449.07   0.001864    9.42  0.000401  ( 0.000853  0.012352 -0.015751)
323:   1449.51   0.000271    1.37  0.000058  ( 0.001896  0.007397 -0.000051)
324:   1455.99   0.005410   27.34  0.001160  (-0.012554  0.002082 -0.031585)
325:   1474.45   0.005547   28.03  0.001174  (-0.010810  0.020162  0.025509)
326:   1662.73   0.000715    3.61  0.000134  (-0.010640 -0.002515  0.003835)
327:   1664.24   0.000787    3.98  0.000148  (-0.003234  0.001949 -0.011550)
328:   1743.09   0.035331  178.55  0.006325  ( 0.054168  0.054913 -0.019382)
329:   1762.16   0.032254  163.00  0.005712  (-0.073915  0.014229 -0.006785)
330:   2857.11   0.008457   42.74  0.000924  (-0.006197 -0.029754 -0.000145)
331:   2894.61   0.007203   36.40  0.000777  ( 0.006622  0.012053  0.024237)
332:   2898.35   0.000487    2.46  0.000052  (-0.006753  0.001063  0.002383)
333:   2899.76   0.000258    1.30  0.000028  ( 0.000899 -0.000307  0.005184)
334:   2900.11   0.000053    0.27  0.000006  ( 0.000198  0.001856 -0.001505)
335:   2900.35   0.003432   17.34  0.000369  ( 0.018033  0.005057  0.004301)
336:   2902.98   0.001313    6.63  0.000141  (-0.009195  0.006938 -0.002906)
337:   2903.17   0.000522    2.64  0.000056  ( 0.004202 -0.000490  0.006185)
338:   2903.90   0.000495    2.50  0.000053  (-0.003313  0.002566 -0.005971)
339:   2905.02   0.001024    5.18  0.000110  ( 0.007125  0.007618 -0.001105)
340:   2905.98   0.000516    2.61  0.000055  (-0.003267 -0.006679  0.000312)
341:   2906.37   0.000332    1.68  0.000036  ( 0.005519  0.001511 -0.001717)
342:   2906.92   0.003683   18.61  0.000395  (-0.010474 -0.016743 -0.002305)
343:   2908.06   0.006332   32.00  0.000680  (-0.024116 -0.008334  0.005337)
344:   2908.53   0.001673    8.46  0.000180  (-0.011155  0.006155  0.004148)
345:   2911.52   0.000901    4.55  0.000097  ( 0.003265 -0.008886 -0.002637)
346:   2912.62   0.010104   51.06  0.001083  (-0.018588  0.002588 -0.027025)
347:   2912.86   0.004941   24.97  0.000529  (-0.021347 -0.003269  0.007937)
348:   2912.93   0.014528   73.42  0.001556  ( 0.035009  0.018168 -0.000809)
349:   2913.15   0.011001   55.59  0.001178  (-0.007395  0.031465 -0.011563)
350:   2914.25   0.006085   30.75  0.000652  ( 0.025025 -0.004978 -0.000758)
351:   2915.87   0.011168   56.44  0.001195  ( 0.009685  0.033031 -0.003215)
352:   2916.72   0.000314    1.59  0.000034  (-0.002047  0.003472 -0.004165)
353:   2921.95   0.008186   41.37  0.000874  ( 0.015718  0.021891 -0.012164)
354:   2923.40   0.008083   40.85  0.000863  ( 0.012404  0.025914  0.006122)
355:   2924.53   0.004996   25.25  0.000533  ( 0.021880  0.007003  0.002301)
356:   2925.67   0.002620   13.24  0.000279  (-0.003576  0.009717  0.013124)
357:   2926.69   0.004962   25.08  0.000529  ( 0.006391 -0.020453 -0.008361)
358:   2926.73   0.007778   39.31  0.000829  (-0.009625  0.009930 -0.025261)
359:   2928.06   0.001868    9.44  0.000199  ( 0.012222 -0.006209 -0.003335)
360:   2928.62   0.010760   54.38  0.001147  (-0.017484 -0.028735  0.003893)
361:   2929.59   0.007548   38.14  0.000804  ( 0.010619 -0.025852  0.004785)
362:   2930.62   0.003111   15.72  0.000331  (-0.009364 -0.015579 -0.000915)
363:   2934.16   0.004676   23.63  0.000497  (-0.004364  0.021440  0.004309)
364:   2936.46   0.002201   11.12  0.000234  (-0.004326  0.009852  0.010869)
365:   2938.17   0.003836   19.39  0.000407  ( 0.017642  0.009800 -0.000343)
366:   2938.43   0.001568    7.92  0.000166  (-0.009128 -0.006664 -0.006224)
367:   2938.74   0.000332    1.68  0.000035  (-0.001521 -0.003271  0.004720)
368:   2940.45   0.002342   11.84  0.000249  ( 0.013107 -0.002690  0.008339)
369:   2941.28   0.002337   11.81  0.000248  ( 0.015013 -0.000993  0.004642)
370:   2941.65   0.033605  169.82  0.003565  (-0.032501 -0.012473  0.048508)
371:   2943.17   0.000712    3.60  0.000076  ( 0.003573 -0.007794  0.001418)
372:   2943.28   0.000655    3.31  0.000069  (-0.005295  0.003469  0.005423)
373:   2945.93   0.005988   30.26  0.000634  ( 0.013973  0.018122 -0.010520)
374:   2946.94   0.000342    1.73  0.000036  ( 0.005614  0.001191  0.001813)
375:   2948.35   0.000205    1.04  0.000022  (-0.001761 -0.002346 -0.003620)
376:   2949.93   0.002713   13.71  0.000287  (-0.006526  0.005279  0.014716)
377:   2950.33   0.002786   14.08  0.000295  (-0.004126  0.016596  0.001502)
378:   2951.43   0.001435    7.25  0.000152  (-0.005020 -0.004413 -0.010344)
379:   2957.51   0.005292   26.75  0.000558  ( 0.011057  0.020426  0.004352)
380:   2961.10   0.002332   11.79  0.000246  ( 0.011606 -0.004258  0.009642)
381:   2963.43   0.013713   69.30  0.001444  ( 0.004922 -0.030630 -0.021946)
382:   2963.82   0.000666    3.36  0.000070  ( 0.006269 -0.001199 -0.005418)
383:   2965.02   0.017461   88.24  0.001838  ( 0.005013 -0.016459 -0.039265)
384:   2967.04   0.016173   81.73  0.001701  ( 0.040239 -0.002718  0.008630)
385:   2969.48   0.003585   18.12  0.000377  ( 0.002026  0.011313  0.015641)
386:   2970.50   0.010735   54.25  0.001128  ( 0.022092 -0.011367  0.022594)
387:   2970.73   0.002246   11.35  0.000236  (-0.015311 -0.001238 -0.000095)
388:   2971.70   0.010584   53.49  0.001111  (-0.008070 -0.021855  0.023847)
389:   2973.70   0.008533   43.12  0.000895  ( 0.014090 -0.000375  0.026396)
390:   2974.53   0.010588   53.51  0.001111  ( 0.028859  0.006772 -0.015234)
391:   2981.27   0.005487   27.73  0.000574  (-0.013693  0.012268 -0.015374)
392:   2982.72   0.006762   34.17  0.000708  ( 0.025946 -0.004943  0.003145)
393:   2983.44   0.007860   39.72  0.000822  (-0.020302  0.016004 -0.012402)
394:   2991.67   0.009078   45.88  0.000947  (-0.001657  0.014912  0.026866)
395:   2993.41   0.006203   31.35  0.000647  (-0.024776  0.005728  0.000024)
396:   2994.42   0.006741   34.07  0.000703  (-0.002187 -0.023541  0.011982)
397:   2998.00   0.000256    1.29  0.000027  ( 0.001328  0.004898  0.000928)
398:   2999.52   0.005913   29.88  0.000615  (-0.021018  0.011081 -0.007119)
399:   3001.24   0.008249   41.69  0.000858  ( 0.002481  0.016180  0.024285)
400:   3001.94   0.001962    9.92  0.000204  (-0.011464  0.000689 -0.008489)
401:   3007.35   0.002686   13.57  0.000279  (-0.012042 -0.011559  0.000286)
402:   3012.70   0.002457   12.42  0.000255  (-0.014173  0.002171 -0.006997)
403:   3018.46   0.001312    6.63  0.000136  ( 0.009302 -0.006882 -0.001340)
404:   3022.76   0.001317    6.66  0.000136  (-0.008976  0.002161 -0.007123)
405:   3034.25   0.000623    3.15  0.000064  (-0.003628  0.004350 -0.005652)
406:   3041.31   0.002303   11.64  0.000236  (-0.003095 -0.014248  0.004868)
407:   3044.40   0.014030   70.90  0.001438  (-0.018418 -0.018167  0.027729)
408:   3045.74   0.004970   25.12  0.000509  (-0.006108  0.015141 -0.015579)
409:   3047.84   0.005611   28.35  0.000574  ( 0.022543 -0.001713 -0.007959)
410:   3058.83   0.000486    2.45  0.000050  (-0.004271  0.001500  0.005392)
411:   3064.25   0.000643    3.25  0.000065  (-0.001142 -0.006464 -0.004729)
412:   3065.97   0.001030    5.21  0.000105  ( 0.008436 -0.005181 -0.002618)
413:   3084.76   0.005343   27.00  0.000540  (-0.007443 -0.002989  0.021820)
