  6:      7.55   0.000008    0.04  0.000349  (-0.014651 -0.000810 -0.011560)
  7:     12.44   0.000051    0.26  0.001285  ( 0.007330 -0.008031  0.034158)
  8:     13.59   0.000005    0.03  0.000119  (-0.001252  0.000019 -0.010847)
  9:     14.38   0.000078    0.39  0.001683  (-0.032836 -0.000583 -0.024589)
 10:     14.44   0.000210    1.06  0.004529  ( 0.053654  0.038211 -0.013803)
 11:     17.06   0.000071    0.36  0.001295  (-0.032599 -0.012110 -0.009228)
 12:     20.85   0.000197    1.00  0.002951  (-0.044523 -0.003564 -0.030915)
 13:     24.14   0.000599    3.03  0.007748  ( 0.081588  0.025020  0.021561)
 14:     28.36   0.000061    0.31  0.000671  ( 0.007703  0.017784 -0.017186)
 15:     30.75   0.000252    1.27  0.002558  (-0.027098  0.020001 -0.037735)
 16:     31.84   0.000168    0.85  0.001649  ( 0.017805  0.027552 -0.023940)
 17:     34.15   0.000140    0.71  0.001281  ( 0.005510  0.025359 -0.024657)
 18:     37.08   0.000187    0.94  0.001570  ( 0.001071 -0.024728  0.030947)
 19:     40.38   0.000169    0.85  0.001303  ( 0.003453 -0.017074  0.031614)
 20:     42.78   0.000005    0.03  0.000036  (-0.001622  0.004095 -0.004100)
 21:     42.84   0.000047    0.24  0.000345  ( 0.007612 -0.006830  0.015517)
 22:     46.62   0.000402    2.03  0.002690  ( 0.027184 -0.013135  0.042172)
 23:     49.90   0.000026    0.13  0.000164  (-0.008165 -0.007751 -0.006140)
 24:     55.14   0.000417    2.11  0.002359  ( 0.003651  0.020704  0.043787)
 25:     56.53   0.000006    0.03  0.000035  ( 0.001953  0.005582  0.000292)
 26:     57.89   0.000012    0.06  0.000063  ( 0.003327 -0.007055  0.001359)
 27:     62.48   0.000039    0.20  0.000194  ( 0.012101 -0.000678  0.006829)
 28:     69.66   0.000261    1.32  0.001170  (-0.012598 -0.008660  0.030591)
 29:     74.11   0.000071    0.36  0.000297  ( 0.004677  0.015550 -0.005795)
 30:     76.63   0.000111    0.56  0.000451  (-0.008167  0.016990  0.009765)
 31:     80.87   0.000145    0.73  0.000558  (-0.020055  0.007404  0.010065)
 32:     83.71   0.000379    1.91  0.001412  ( 0.025135  0.025612 -0.011133)
 33:     84.72   0.000868    4.38  0.003196  ( 0.019493  0.042868 -0.031275)
 34:     85.85   0.000179    0.91  0.000652  ( 0.005143  0.022892 -0.010087)
 35:     97.05   0.000063    0.32  0.000201  ( 0.009588 -0.002733 -0.010084)
 36:    103.08   0.000050    0.26  0.000153  ( 0.008995 -0.005345 -0.006586)
 37:    104.63   0.000018    0.09  0.000054  (-0.005634 -0.004308  0.001948)
 38:    108.47   0.000269    1.36  0.000775  ( 0.016780  0.008274 -0.020622)
 39:    116.12   0.000212    1.07  0.000570  (-0.013954  0.010649  0.016180)
 40:    119.68   0.000390    1.97  0.001016  ( 0.009041 -0.006479 -0.029875)
 41:    123.31   0.000025    0.13  0.000063  ( 0.001981 -0.000897 -0.007617)
 42:    130.85   0.000097    0.49  0.000231  (-0.004746 -0.014303  0.001874)
 43:    132.36   0.000062    0.31  0.000146  ( 0.004492 -0.004926 -0.010083)
 44:    137.76   0.001411    7.13  0.003196  ( 0.012761 -0.009910 -0.054172)
 45:    139.57   0.000372    1.88  0.000831  (-0.008512 -0.006929  0.026657)
 46:    145.73   0.000437    2.21  0.000936  (-0.001832 -0.027149  0.013988)
 47:    156.82   0.000718    3.63  0.001429  (-0.005949 -0.001689  0.037296)
 48:    163.76   0.000122    0.61  0.000232  ( 0.000573 -0.006174 -0.013907)
 49:    165.21   0.000311    1.57  0.000587  ( 0.003992 -0.000431 -0.023884)
 50:    170.20   0.001485    7.50  0.002722  ( 0.000226 -0.038501 -0.035210)
 51:    177.98   0.000009    0.04  0.000015  ( 0.000378 -0.002633 -0.002835)
 52:    183.90   0.000218    1.10  0.000370  (-0.007316  0.014972 -0.009625)
 53:    186.88   0.001159    5.86  0.001936  (-0.040550 -0.000894  0.017054)
 54:    194.45   0.000658    3.33  0.001056  ( 0.009563  0.007390  0.030169)
 55:    207.92   0.000130    0.66  0.000195  ( 0.001601  0.001594 -0.013784)
 56:    213.47   0.000005    0.02  0.000007  ( 0.002271  0.000869 -0.001020)
 57:    216.06   0.000261    1.32  0.000378  ( 0.005522  0.016974 -0.007687)
 58:    223.17   0.000778    3.93  0.001088  ( 0.018262 -0.025028  0.011327)
 59:    232.84   0.000047    0.24  0.000063  (-0.007252 -0.002036  0.002463)
 60:    242.07   0.000549    2.77  0.000707  (-0.001723  0.012308  0.023511)
 61:    247.12   0.001406    7.10  0.001775  (-0.005532  0.026697  0.032122)
 62:    247.51   0.000109    0.55  0.000138  ( 0.000081  0.007845  0.008733)
 63:    251.08   0.000260    1.31  0.000323  ( 0.003099 -0.007479 -0.016049)
 64:    261.95   0.000036    0.18  0.000042  (-0.002695 -0.005886 -0.000679)
 65:    269.51   0.000101    0.51  0.000117  (-0.005679 -0.006979 -0.005987)
 66:    270.94   0.000232    1.17  0.000267  (-0.009635 -0.009184 -0.009463)
 67:    272.55   0.000017    0.08  0.000019  (-0.001166  0.000086 -0.004210)
 68:    279.23   0.000025    0.13  0.000028  ( 0.001077  0.003992  0.003334)
 69:    280.17   0.000545    2.75  0.000607  (-0.002850  0.001967 -0.024397)
 70:    285.16   0.000097    0.49  0.000106  (-0.003015  0.009534  0.002431)
 71:    293.50   0.000041    0.21  0.000044  ( 0.005109 -0.003754  0.001921)
 72:    298.07   0.000450    2.28  0.000471  (-0.004823  0.019988 -0.006972)
 73:    302.60   0.000309    1.56  0.000318  (-0.003400  0.017045 -0.004035)
 74:    317.67   0.000036    0.18  0.000035  ( 0.001421 -0.001339  0.005592)
 75:    323.52   0.000320    1.61  0.000308  ( 0.005043 -0.016501  0.003237)
 76:    328.18   0.000196    0.99  0.000186  (-0.008148  0.007507  0.007969)
 77:    333.21   0.000517    2.61  0.000484  (-0.004751  0.005284  0.020829)
 78:    340.20   0.001353    6.84  0.001241  ( 0.005672  0.001689 -0.034733)
 79:    342.13   0.000315    1.59  0.000287  ( 0.000909  0.004514 -0.016304)
 80:    351.45   0.000028    0.14  0.000025  ( 0.004859  0.001187  0.000223)
 81:    352.00   0.000007    0.04  0.000006  ( 0.000953  0.000375 -0.002333)
 82:    357.71   0.000327    1.65  0.000285  (-0.014515 -0.005146  0.006907)
 83:    363.59   0.000112    0.56  0.000096  (-0.008073  0.003465 -0.004315)
 84:    366.71   0.000024    0.12  0.000021  ( 0.003508 -0.001816 -0.002290)
 85:    371.64   0.002566   12.97  0.002155  (-0.032073  0.010228  0.031963)
 86:    383.92   0.000713    3.60  0.000580  ( 0.017785 -0.010225 -0.012602)
 87:    384.98   0.000129    0.65  0.000105  (-0.002922  0.009328 -0.003013)
 88:    407.28   0.000174    0.88  0.000134  ( 0.008174  0.006400 -0.005090)
 89:    411.71   0.000670    3.39  0.000508  (-0.009920  0.019158 -0.006531)
 90:    425.39   0.000831    4.20  0.000610  (-0.005596 -0.023143 -0.006534)
 91:    430.30   0.000189    0.96  0.000137  ( 0.001386 -0.005958 -0.009991)
 92:    434.51   0.002468   12.47  0.001773  (-0.006674 -0.018419 -0.037265)
 93:    435.64   0.002939   14.85  0.002105  ( 0.006719 -0.015432 -0.042684)
 94:    446.37   0.004098   20.71  0.002865  ( 0.008115  0.005464  0.052625)
 95:    449.96   0.004371   22.09  0.003032  ( 0.021106 -0.021317  0.046170)
 96:    458.97   0.000121    0.61  0.000082  ( 0.008474 -0.000570  0.003193)
 97:    460.69   0.000316    1.60  0.000214  (-0.006648  0.011328 -0.006444)
 98:    485.39   0.001015    5.13  0.000652  (-0.000674 -0.025529 -0.000351)
 99:    487.13   0.000442    2.23  0.000283  ( 0.008349  0.014580 -0.000936)
100:    490.95   0.000765    3.87  0.000486  (-0.000833 -0.006078  0.021180)
101:    493.27   0.001932    9.77  0.001222  ( 0.010350  0.027403 -0.019091)
102:    506.59   0.000033    0.17  0.000021  ( 0.003553 -0.002815  0.000167)
103:    516.51   0.000243    1.23  0.000147  (-0.001578  0.003433 -0.011503)
104:    548.65   0.000502    2.54  0.000286  (-0.004394  0.013771 -0.008761)
105:    549.76   0.000248    1.25  0.000141  ( 0.011287 -0.001257  0.003454)
106:    561.16   0.009821   49.63  0.005462  (-0.026492  0.035245  0.059310)
107:    579.63   0.000372    1.88  0.000200  ( 0.009369 -0.004808  0.009441)
108:    584.51   0.000629    3.18  0.000336  ( 0.012517  0.008319 -0.010490)
109:    597.30   0.000438    2.22  0.000229  (-0.001467 -0.001189  0.015017)
110:    612.53   0.008315   42.02  0.004236  (-0.027342  0.014897 -0.057154)
111:    632.53   0.022026  111.31  0.010867  ( 0.092345 -0.010807 -0.047141)
112:    644.22   0.028794  145.52  0.013948  (-0.016363 -0.024795  0.114305)
113:    658.28   0.001567    7.92  0.000743  ( 0.012784  0.006093  0.023292)
114:    671.02   0.030994  156.63  0.014414  ( 0.032005  0.034677 -0.110395)
115:    701.94   0.000866    4.38  0.000385  ( 0.009402  0.008127  0.015184)
116:    711.94   0.004841   24.47  0.002122  (-0.033539  0.005881 -0.031027)
117:    715.86   0.000567    2.87  0.000247  ( 0.010330  0.001442 -0.011772)
118:    720.06   0.001000    5.05  0.000433  ( 0.017689  0.007085 -0.008381)
119:    725.58   0.001400    7.07  0.000602  (-0.013390  0.013283 -0.015697)
120:    728.43   0.001455    7.35  0.000623  (-0.012031 -0.010481 -0.019200)
121:    729.93   0.000596    3.01  0.000255  (-0.003018  0.015664 -0.000651)
122:    732.25   0.000941    4.76  0.000401  (-0.015428 -0.002991  0.012418)
123:    737.37   0.000091    0.46  0.000038  ( 0.005138 -0.003402 -0.000604)
124:    739.73   0.001976    9.99  0.000834  ( 0.006446  0.012592  0.025173)
125:    751.06   0.000255    1.29  0.000106  (-0.008257  0.005869  0.001842)
126:    753.00   0.000445    2.25  0.000184  (-0.010712 -0.004564 -0.006974)
127:    763.11   0.001043    5.27  0.000427  (-0.005738 -0.007337 -0.018438)
128:    772.79   0.000693    3.50  0.000280  (-0.014738 -0.007908  0.000200)
129:    778.21   0.002086   10.54  0.000837  (-0.011085  0.022983  0.013618)
130:    786.78   0.000108    0.54  0.000043  (-0.004137 -0.003334  0.003810)
131:    798.91   0.008584   43.38  0.003353  (-0.019220 -0.016015 -0.052223)
132:    801.24   0.003335   16.85  0.001299  (-0.009762  0.030432 -0.016660)
133:    803.46   0.000911    4.61  0.000354  ( 0.004317  0.006989  0.016926)
134:    808.22   0.000066    0.33  0.000025  (-0.002328  0.001122  0.004321)
135:    816.06   0.002634   13.31  0.001007  ( 0.007062 -0.018530  0.024777)
136:    828.63   0.002971   15.02  0.001119  (-0.008956  0.020634 -0.024760)
137:    829.51   0.000102    0.52  0.000038  ( 0.003219  0.004658  0.002535)
138:    835.04   0.001020    5.15  0.000381  ( 0.012225  0.010601 -0.010922)
139:    835.42   0.000322    1.63  0.000120  ( 0.007403 -0.005391  0.006023)
140:    836.22   0.001120    5.66  0.000418  (-0.017569  0.009943  0.003214)
141:    847.15   0.000407    2.06  0.000150  ( 0.002695  0.008223 -0.008669)
142:    847.26   0.000322    1.63  0.000119  ( 0.008574 -0.005489 -0.003876)
143:    856.31   0.002416   12.21  0.000881  ( 0.007542 -0.014145  0.024974)
144:    862.71   0.000176    0.89  0.000064  ( 0.001345  0.005323 -0.005793)
145:    869.58   0.000358    1.81  0.000129  ( 0.008985  0.006751 -0.001515)
146:    872.52   0.000396    2.00  0.000142  (-0.000489  0.010713 -0.005177)
147:    888.56   0.000357    1.80  0.000125  (-0.000172  0.001502  0.011095)
148:    890.47   0.004685   23.68  0.001642  ( 0.005980 -0.039974 -0.002850)
149:    893.17   0.000685    3.46  0.000239  (-0.001333 -0.002105  0.015267)
150:    898.04   0.000194    0.98  0.000067  ( 0.005647  0.003990 -0.004420)
151:    905.95   0.003080   15.56  0.001061  (-0.016961  0.018606  0.020663)
152:    911.72   0.003427   17.32  0.001173  (-0.000269 -0.009304 -0.032960)
153:    919.14   0.009027   45.62  0.003065  (-0.030329  0.019621  0.041950)
154:    919.74   0.000188    0.95  0.000064  (-0.007807 -0.001621  0.000501)
155:    928.83   0.003730   18.85  0.001253  (-0.002109  0.016838  0.031067)
156:    929.42   0.007471   37.76  0.002508  (-0.015067  0.037121  0.030058)
157:    931.08   0.002099   10.61  0.000704  (-0.013755  0.015653  0.016409)
158:    948.92   0.001299    6.56  0.000427  (-0.012397  0.015429 -0.005941)
159:    950.93   0.000199    1.01  0.000065  ( 0.003274  0.005564  0.004866)
160:    952.22   0.003599   18.19  0.001179  (-0.011334  0.025013  0.020621)
161:    965.15   0.000599    3.03  0.000194  ( 0.008429 -0.006450 -0.008996)
162:    971.10   0.000855    4.32  0.000275  (-0.003946  0.010118  0.012527)
163:    971.44   0.000086    0.43  0.000028  (-0.000140  0.005233  0.000452)
164:    976.88   0.001634    8.26  0.000522  ( 0.012838 -0.018712  0.002636)
165:    980.39   0.000279    1.41  0.000089  (-0.004498  0.000989  0.008228)
166:    982.25   0.000607    3.07  0.000193  ( 0.007860 -0.010405 -0.004788)
167:    991.85   0.004460   22.54  0.001403  ( 0.011786  0.009337  0.034309)
168:    992.39   0.031704  160.22  0.009970  ( 0.043076 -0.010854  0.089421)
169:    993.43   0.004062   20.53  0.001276  ( 0.020715  0.003953  0.028833)
170:   1005.92   0.000776    3.92  0.000241  (-0.014811 -0.002384 -0.003972)
171:   1007.37   0.000341    1.72  0.000106  ( 0.006855  0.007629 -0.000579)
172:   1009.20   0.002332   11.78  0.000721  (-0.017308 -0.007114 -0.019257)
173:   1009.91   0.000076    0.39  0.000024  ( 0.001371 -0.004437 -0.001425)
174:   1010.81   0.005865   29.64  0.001811  ( 0.027773  0.020538  0.024848)
175:   1017.40   0.000506    2.56  0.000155  ( 0.003408  0.008021  0.008896)
176:   1022.60   0.000150    0.76  0.000046  (-0.002364  0.000849 -0.006283)
177:   1024.23   0.000173    0.87  0.000053  ( 0.004709  0.002911 -0.004684)
178:   1026.36   0.034949  176.62  0.010626  ( 0.070457  0.004593 -0.075107)
179:   1029.77   0.001131    5.71  0.000343  (-0.010385  0.011566  0.010049)
180:   1030.76   0.000535    2.70  0.000162  (-0.000966 -0.011489 -0.005396)
181:   1035.09   0.000800    4.04  0.000241  (-0.003101  0.009144  0.012157)
182:   1040.60   0.002389   12.07  0.000716  (-0.002782 -0.010983 -0.024250)
183:   1041.09   0.011379   57.51  0.003411  ( 0.008275 -0.041107 -0.040652)
184:   1042.14   0.000533    2.69  0.000160  (-0.010101  0.004979 -0.005733)
185:   1045.32   0.000296    1.50  0.000088  (-0.000739  0.007880  0.005077)
186:   1045.50   0.000739    3.74  0.000221  (-0.002507  0.002302 -0.014461)
187:   1049.92   0.001173    5.93  0.000349  (-0.006038  0.016235  0.006966)
188:   1050.39   0.000490    2.47  0.000145  ( 0.002574 -0.010982  0.004272)
189:   1052.20   0.003167   16.00  0.000939  ( 0.004845 -0.029227  0.007841)
190:   1053.99   0.010583   53.48  0.003133  (-0.011359 -0.013602 -0.053097)
191:   1057.02   0.003396   17.16  0.001003  ( 0.007480  0.000583 -0.030762)
192:   1069.42   0.013084   66.12  0.003818  ( 0.034173 -0.051335  0.003863)
193:   1071.79   0.000032    0.16  0.000009  (-0.001981 -0.001021  0.002070)
194:   1078.32   0.003159   15.97  0.000914  (-0.014559  0.023093  0.013001)
195:   1085.14   0.000241    1.22  0.000069  ( 0.005710 -0.005025 -0.003393)
196:   1094.48   0.002498   12.62  0.000712  (-0.003448  0.017804  0.019579)
197:   1095.05   0.003387   17.11  0.000965  (-0.002983  0.019881  0.023684)
198:   1097.10   0.004006   20.24  0.001139  ( 0.016201 -0.021938 -0.019892)
199:   1098.23   0.001678    8.48  0.000477  ( 0.004870  0.003472  0.021004)
200:   1106.07   0.000368    1.86  0.000104  (-0.003755 -0.004189  0.008500)
201:   1117.42   0.004784   24.18  0.001336  (-0.028259  0.021397  0.008921)
202:   1119.05   0.000403    2.04  0.000112  ( 0.001108 -0.001543  0.010435)
203:   1125.74   0.011059   55.89  0.003066  (-0.009718  0.036203  0.040748)
204:   1127.83   0.001992   10.07  0.000551  (-0.012034  0.006550 -0.019064)
205:   1135.53   0.009887   49.96  0.002717  (-0.020726  0.037649  0.029495)
206:   1144.03   0.014447   73.01  0.003941  (-0.006193 -0.030844 -0.054324)
207:   1155.69   0.000425    2.15  0.000115  (-0.003650 -0.003657 -0.009386)
208:   1156.90   0.000251    1.27  0.000068  (-0.004465 -0.006899  0.000466)
209:   1173.29   0.000250    1.26  0.000066  ( 0.006384 -0.004823 -0.001566)
210:   1178.83   0.000962    4.86  0.000255  (-0.003676  0.011752  0.010155)
211:   1184.15   0.004034   20.38  0.001063  ( 0.013760 -0.023810 -0.017516)
212:   1193.46   0.003219   16.27  0.000842  ( 0.012091 -0.013878 -0.022423)
213:   1198.55   0.017343   87.64  0.004516  (-0.020050  0.046069  0.044623)
214:   1200.61   0.007578   38.30  0.001970  (-0.026173  0.034864 -0.008321)
215:   1207.18   0.005648   28.54  0.001460  (-0.008625  0.026773  0.025862)
216:   1207.60   0.003032   15.32  0.000783  (-0.006865  0.020449  0.017836)
217:   1208.47   0.004822   24.37  0.001245  (-0.009497 -0.006146 -0.033426)
218:   1213.37   0.002575   13.02  0.000662  (-0.000365 -0.007350 -0.024662)
219:   1228.52   0.000879    4.44  0.000223  (-0.006516  0.013443  0.000306)
220:   1233.25   0.001199    6.06  0.000303  ( 0.005216 -0.002865  0.016370)
221:   1238.57   0.010329   52.20  0.002602  ( 0.021963 -0.045816 -0.004569)
222:   1240.41   0.000787    3.98  0.000198  ( 0.012085 -0.007170 -0.000805)
223:   1240.43   0.002787   14.08  0.000701  (-0.007860 -0.017604 -0.018149)
224:   1241.51   0.012072   61.01  0.003034  ( 0.009183 -0.052060  0.015484)
225:   1246.59   0.002894   14.62  0.000724  (-0.006141 -0.008411 -0.024819)
226:   1248.36   0.001824    9.22  0.000456  (-0.004201  0.011246  0.017659)
227:   1249.32   0.002197   11.10  0.000549  ( 0.007430 -0.016671 -0.014686)
228:   1250.76   0.005909   29.86  0.001474  ( 0.004212  0.034970  0.015282)
229:   1251.69   0.014173   71.63  0.003534  ( 0.012604 -0.053017 -0.023747)
230:   1255.55   0.016833   85.07  0.004184  ( 0.010176 -0.062389 -0.013703)
231:   1257.22   0.002623   13.26  0.000651  (-0.003090  0.024946  0.004391)
232:   1261.44   0.011439   57.81  0.002830  ( 0.000419  0.049143  0.020363)
233:   1265.18   0.001040    5.26  0.000257  ( 0.012709 -0.007805 -0.005845)
234:   1266.15   0.000943    4.77  0.000232  ( 0.002392  0.001567  0.014976)
235:   1269.50   0.001577    7.97  0.000388  (-0.012007  0.014895  0.004654)
236:   1274.08   0.000087    0.44  0.000021  (-0.001307 -0.003904  0.002096)
237:   1274.30   0.001646    8.32  0.000403  ( 0.003964 -0.002793  0.019483)
238:   1277.62   0.001126    5.69  0.000275  ( 0.007746  0.001286  0.014610)
239:   1282.10   0.000255    1.29  0.000062  ( 0.004380 -0.006004 -0.002634)
240:   1282.37   0.000789    3.99  0.000192  ( 0.003185 -0.000272  0.013484)
241:   1285.20   0.002466   12.46  0.000599  (-0.008014  0.003636 -0.022831)
242:   1287.19   0.000247    1.25  0.000060  ( 0.000983  0.006949 -0.003245)
243:   1288.58   0.000240    1.21  0.000058  (-0.000571  0.002815  0.007058)
244:   1290.01   0.001586    8.01  0.000384  (-0.007241  0.006158 -0.017125)
245:   1292.04   0.000862    4.36  0.000208  (-0.006657  0.012148 -0.004031)
246:   1292.51   0.000420    2.12  0.000101  (-0.003569 -0.003833 -0.008604)
247:   1295.50   0.000596    3.01  0.000144  (-0.010150  0.006084  0.001895)
248:   1296.50   0.000231    1.17  0.000055  (-0.003140 -0.004121  0.005353)
249:   1298.10   0.001908    9.64  0.000459  (-0.000741  0.001097 -0.021374)
250:   1299.24   0.003406   17.21  0.000818  ( 0.012719 -0.021306 -0.014224)
251:   1300.32   0.001352    6.83  0.000324  ( 0.004989  0.010265 -0.013936)
252:   1303.93   0.001379    6.97  0.000330  (-0.007794  0.013378 -0.009506)
253:   1306.55   0.000033    0.17  0.000008  (-0.002621 -0.000981 -0.000058)
254:   1308.22   0.000439    2.22  0.000105  (-0.006279  0.006344 -0.004995)
255:   1311.61   0.000201    1.02  0.000048  (-0.000387  0.005564 -0.004091)
256:   1313.39   0.000523    2.64  0.000124  ( 0.010941 -0.002130  0.000179)
257:   1315.15   0.000254    1.28  0.000060  (-0.006234 -0.004196 -0.001925)
258:   1319.26   0.000318    1.61  0.000075  (-0.001707 -0.001693  0.008335)
259:   1329.71   0.009610   48.57  0.002255  (-0.009150  0.010785 -0.045336)
260:   1337.04   0.000848    4.28  0.000198  (-0.001605 -0.002868 -0.013678)
261:   1339.50   0.001775    8.97  0.000414  (-0.019717 -0.000065 -0.004974)
262:   1340.95   0.001340    6.77  0.000312  (-0.016511  0.005299 -0.003351)
263:   1341.82   0.003121   15.77  0.000726  ( 0.005202 -0.008802 -0.024926)
264:   1348.01   0.001795    9.07  0.000416  (-0.006896  0.008559 -0.017167)
265:   1350.53   0.002047   10.35  0.000473  ( 0.015507 -0.002346  0.015069)
266:   1352.92   0.000475    2.40  0.000109  (-0.001862 -0.009327  0.004361)
267:   1354.29   0.001077    5.45  0.000248  ( 0.003010  0.003829 -0.014985)
268:   1355.31   0.000598    3.02  0.000138  (-0.007483 -0.007635 -0.004832)
269:   1355.64   0.001791    9.05  0.000412  (-0.007302  0.016864  0.008633)
270:   1358.31   0.000026    0.13  0.000006  ( 0.000841 -0.002083 -0.000989)
271:   1358.67   0.000150    0.76  0.000034  ( 0.004647 -0.000197  0.003577)
272:   1360.47   0.000040    0.20  0.000009  (-0.000345  0.001150 -0.002788)
273:   1360.65   0.000160    0.81  0.000037  ( 0.002776 -0.002452  0.004791)
274:   1361.87   0.000020    0.10  0.000005  (-0.001785  0.001179  0.000334)
275:   1362.33   0.000274    1.38  0.000063  (-0.000797  0.001652  0.007703)
276:   1363.14   0.000063    0.32  0.000014  ( 0.001198  0.000196  0.003584)
277:   1374.05   0.001229    6.21  0.000279  ( 0.002564 -0.012502  0.010780)
278:   1376.64   0.002096   10.59  0.000475  (-0.006637  0.005103  0.020124)
279:   1385.14   0.000297    1.50  0.000067  ( 0.002540 -0.006684  0.003962)
280:   1386.80   0.000711    3.59  0.000160  ( 0.010476 -0.003922 -0.005900)
281:   1387.60   0.000132    0.67  0.000030  ( 0.000859  0.000736 -0.005340)
282:   1393.78   0.000608    3.07  0.000136  (-0.004727 -0.005715  0.009011)
283:   1396.37   0.004099   20.71  0.000916  ( 0.013800 -0.014616  0.022626)
284:   1405.08   0.000972    4.91  0.000216  ( 0.002637 -0.009594 -0.010809)
285:   1410.43   0.002633   13.30  0.000582  ( 0.020395  0.004103  0.012235)
286:   1412.41   0.000456    2.30  0.000101  ( 0.002445  0.007831  0.005780)
287:   1412.55   0.000881    4.45  0.000195  (-0.001514  0.001130 -0.013819)
288:   1413.26   0.000997    5.04  0.000220  ( 0.000696  0.012396  0.008131)
289:   1414.34   0.000742    3.75  0.000164  ( 0.003475  0.008315 -0.009077)
290:   1415.22   0.001673    8.46  0.000369  ( 0.012492 -0.000641 -0.014577)
291:   1416.31   0.000104    0.52  0.000023  ( 0.003720 -0.002817 -0.001046)
292:   1418.00   0.000060    0.30  0.000013  ( 0.002221 -0.002866  0.000284)
293:   1418.37   0.000304    1.54  0.000067  (-0.000242 -0.008048 -0.001436)
294:   1418.48   0.000904    4.57  0.000199  (-0.001087  0.014038  0.000780)
295:   1419.24   0.000894    4.52  0.000197  (-0.002683  0.001103 -0.013720)
296:   1419.84   0.000608    3.07  0.000134  ( 0.005906  0.008491  0.005157)
297:   1421.72   0.000253    1.28  0.000056  (-0.004416  0.003090  0.005155)
298:   1422.45   0.000096    0.49  0.000021  ( 0.002911  0.001300  0.003303)
299:   1423.47   0.000086    0.43  0.000019  ( 0.003566  0.001419 -0.002008)
300:   1425.31   0.000064    0.33  0.000014  (-0.002481 -0.002074 -0.001906)
301:   1426.07   0.000988    4.99  0.000216  (-0.008448  0.003914  0.011378)
302:   1426.55   0.000799    4.04  0.000175  ( 0.001658 -0.012849  0.002644)
303:   1427.13   0.000563    2.85  0.000123  (-0.008492  0.004248  0.005749)
304:   1427.87   0.000562    2.84  0.000123  ( 0.002900 -0.001892  0.010532)
305:   1428.88   0.000425    2.15  0.000093  ( 0.006279  0.003999  0.006111)
306:   1429.40   0.000749    3.78  0.000163  ( 0.011588 -0.005403 -0.000044)
307:   1429.80   0.000495    2.50  0.000108  (-0.007282 -0.000885 -0.007359)
308:   1430.02   0.000492    2.49  0.000107  ( 0.010313  0.000935 -0.000371)
309:   1430.62   0.000269    1.36  0.000059  ( 0.006971 -0.001427  0.002844)
310:   1430.96   0.000840    4.25  0.000183  (-0.009746  0.009391 -0.000155)
311:   1431.97   0.000113    0.57  0.000025  ( 0.000267 -0.002558  0.004250)
312:   1434.09   0.000102    0.51  0.000022  ( 0.000306  0.003423 -0.003215)
313:   1434.19   0.000851    4.30  0.000185  ( 0.005128  0.009974  0.007708)
314:   1436.21   0.001762    8.91  0.000383  (-0.000817 -0.001459  0.019497)
315:   1439.34   0.001617    8.17  0.000351  (-0.015551 -0.009934  0.003176)
316:   1439.75   0.000644    3.26  0.000140  ( 0.007689  0.008558 -0.002701)
317:   1440.97   0.000040    0.20  0.000009  ( 0.001141 -0.001721  0.002081)
318:   1442.62   0.000388    1.96  0.000084  (-0.006493 -0.006422 -0.000749)
319:   1445.06   0.000505    2.55  0.000109  ( 0.003736 -0.006295 -0.007453)
320:   1445.65   0.004534   22.91  0.000979  ( 0.009194 -0.020619 -0.021660)
321:   1445.88   0.000441    2.23  0.000095  ( 0.000120  0.009078 -0.003557)
322:   1446.13   0.000247    1.25  0.000053  (-0.005694  0.001609 -0.004272)
323:   1446.29   0.000148    0.75  0.000032  (-0.000844  0.001505  0.005374)
324:   1448.86   0.006124   30.95  0.001319  (-0.002628  0.016971 -0.032002)
325:   1474.35   0.009166   46.32  0.001940  (-0.016003 -0.015527 -0.037985)
326:   1659.89   0.000316    1.60  0.000059  ( 0.000452 -0.007615  0.001101)
327:   1662.36   0.000092    0.47  0.000017  (-0.004139 -0.000407 -0.000252)
328:   1719.73   0.067818  342.72  0.012306  (-0.010735 -0.022492 -0.108098)
329:   1761.39   0.041211  208.26  0.007301  ( 0.048880 -0.062677  0.031361)
330:   2867.51   0.008766   44.30  0.000954  (-0.030233  0.005652  0.002832)
331:   2893.73   0.003587   18.13  0.000387  ( 0.008817  0.010322  0.014233)
332:   2897.10   0.001964    9.93  0.000212  ( 0.011532 -0.006582 -0.005941)
333:   2900.30   0.000958    4.84  0.000103  ( 0.001306 -0.003143 -0.009568)
334:   2900.71   0.000743    3.75  0.000080  ( 0.000877  0.006582 -0.005982)
335:   2901.54   0.009696   49.00  0.001043  (-0.013888 -0.004111  0.028863)
336:   2901.88   0.000491    2.48  0.000053  ( 0.003168  0.006081  0.002406)
337:   2903.85   0.001519    7.68  0.000163  (-0.010058 -0.006486 -0.004472)
338:   2907.03   0.001870    9.45  0.000201  (-0.002862  0.011108 -0.008318)
339:   2907.60   0.000402    2.03  0.000043  (-0.000997 -0.001784 -0.006246)
340:   2909.15   0.004503   22.75  0.000483  ( 0.021900 -0.001496 -0.001065)
341:   2909.69   0.001082    5.47  0.000116  (-0.009063 -0.005665 -0.001331)
342:   2910.38   0.000624    3.15  0.000067  ( 0.004626  0.000656 -0.006712)
343:   2912.21   0.004424   22.35  0.000474  (-0.015415  0.004940  0.014560)
344:   2912.81   0.003229   16.32  0.000346  (-0.006381  0.013886  0.010604)
345:   2913.84   0.009023   45.60  0.000966  (-0.006379 -0.011641 -0.028110)
346:   2914.24   0.007752   39.17  0.000830  ( 0.024548  0.007759 -0.012933)
347:   2914.67   0.005241   26.49  0.000561  (-0.005363 -0.020454 -0.010678)
348:   2915.49   0.006765   34.19  0.000724  (-0.018290 -0.009883 -0.017086)
349:   2915.77   0.001399    7.07  0.000150  ( 0.008524 -0.003093 -0.008213)
350:   2917.53   0.022170  112.04  0.002371  (-0.014791  0.038985 -0.025154)
351:   2921.41   0.005386   27.22  0.000575  (-0.016672  0.012225  0.012164)
352:   2921.58   0.010257   51.83  0.001096  (-0.002211 -0.026500 -0.019708)
353:   2921.85   0.007595   38.38  0.000811  ( 0.025803 -0.002854 -0.011716)
354:   2922.46   0.008269   41.79  0.000883  ( 0.004491 -0.004817  0.028977)
355:   2922.76   0.010328   52.19  0.001103  ( 0.010692 -0.022503 -0.021956)
356:   2923.03   0.011000   55.59  0.001174  (-0.002905  0.004538 -0.033843)
357:   2923.60   0.000934    4.72  0.000100  ( 0.000319  0.003666  0.009284)
358:   2924.70   0.005793   29.27  0.000618  ( 0.009160  0.022707 -0.004307)
359:   2926.39   0.011328   57.24  0.001208  ( 0.018644 -0.012636 -0.026470)
360:   2927.56   0.001997   10.09  0.000213  ( 0.003863 -0.012443  0.006570)
361:   2934.24   0.001777    8.98  0.000189  ( 0.010136 -0.006704 -0.006428)
362:   2936.93   0.002905   14.68  0.000309  (-0.010423 -0.011453 -0.008297)
363:   2936.99   0.023694  119.74  0.002518  ( 0.010531 -0.007904 -0.048417)
364:   2938.02   0.004541   22.95  0.000482  (-0.009149 -0.016847  0.010712)
365:   2939.98   0.000096    0.49  0.000010  (-0.002608 -0.000462 -0.001794)
366:   2940.94   0.002771   14.00  0.000294  ( 0.004463  0.012684  0.010642)
367:   2941.87   0.000175    0.89  0.000019  (-0.000133 -0.004058 -0.001459)
368:   2942.69   0.000677    3.42  0.000072  ( 0.000193 -0.005913  0.006063)
369:   2943.69   0.000278    1.40  0.000029  (-0.001360 -0.002318 -0.004716)
370:   2944.58   0.004071   20.57  0.000431  ( 0.014884  0.004914 -0.013629)
371:   2948.83   0.003654   18.47  0.000387  ( 0.000581 -0.010729  0.016470)
372:   2949.91   0.004999   25.26  0.000529  ( 0.011698  0.016696  0.010642)
373:   2953.51   0.001752    8.85  0.000185  (-0.006977 -0.001917 -0.011521)
374:   2955.74   0.001532    7.74  0.000162  ( 0.000468  0.011271 -0.005870)
375:   2956.73   0.003970   20.06  0.000419  (-0.014020  0.014889 -0.000889)
376:   2957.26   0.006870   34.72  0.000725  ( 0.025642 -0.007896  0.002269)
377:   2961.32   0.005854   29.59  0.000617  (-0.018668 -0.008417 -0.014056)
378:   2962.10   0.002266   11.45  0.000239  (-0.010302 -0.001308 -0.011438)
379:   2962.44   0.003084   15.58  0.000325  (-0.004234 -0.010589 -0.013956)
380:   2964.57   0.004277   21.61  0.000450  (-0.017537  0.011795 -0.001884)
381:   2965.93   0.002609   13.18  0.000275  (-0.002401 -0.001690 -0.016306)
382:   2966.56   0.008906   45.01  0.000937  ( 0.011256  0.027345 -0.007900)
383:   2968.60   0.004843   24.47  0.000509  (-0.022477  0.001516  0.001250)
384:   2968.97   0.000654    3.30  0.000069  (-0.006799  0.001896  0.004347)
385:   2970.16   0.002177   11.00  0.000229  ( 0.009108  0.004372  0.011255)
386:   2972.46   0.006779   34.26  0.000712  (-0.020139  0.011107  0.013520)
387:   2972.92   0.036755  185.74  0.003858  (-0.012891 -0.059892  0.010241)
388:   2973.54   0.008435   42.63  0.000885  ( 0.017937 -0.019312 -0.013802)
389:   2975.97   0.009692   48.98  0.001016  (-0.022732  0.022310 -0.001365)
390:   2976.86   0.002319   11.72  0.000243  ( 0.002217  0.015367  0.001428)
391:   2980.63   0.008235   41.62  0.000862  ( 0.014619  0.008123 -0.024135)
392:   2987.33   0.002234   11.29  0.000233  ( 0.001350 -0.015212 -0.000393)
393:   2989.48   0.004259   21.52  0.000445  (-0.020498 -0.004545 -0.001945)
394:   2991.19   0.004711   23.81  0.000491  ( 0.010125 -0.017884  0.008313)
395:   2993.04   0.007369   37.24  0.000768  ( 0.019928  0.007085  0.017916)
396:   2993.52   0.009671   48.87  0.001008  ( 0.029577 -0.011305  0.002354)
397:   2997.50   0.006245   31.56  0.000650  ( 0.006838  0.017895 -0.016826)
398:   2999.23   0.006074   30.70  0.000632  ( 0.012114  0.022010  0.000889)
399:   3003.05   0.002124   10.74  0.000221  (-0.008119  0.000706  0.012424)
400:   3007.48   0.001203    6.08  0.000125  (-0.000015  0.009550 -0.005801)
401:   3012.45   0.003075   15.54  0.000319  ( 0.000635  0.011772  0.013401)
402:   3013.72   0.001573    7.95  0.000163  ( 0.006015 -0.008571 -0.007297)
403:   3016.99   0.001751    8.85  0.000181  ( 0.001615  0.012062 -0.005747)
404:   3024.58   0.002777   14.04  0.000287  ( 0.004457 -0.015502 -0.005135)
405:   3037.75   0.006875   34.74  0.000706  (-0.014977  0.007408  0.020665)
406:   3041.91   0.006436   32.52  0.000660  ( 0.003857  0.024892 -0.005074)
407:   3042.39   0.004949   25.01  0.000508  (-0.021132 -0.007816  0.000046)
408:   3062.23   0.000473    2.39  0.000048  (-0.002056  0.001691 -0.006414)
409:   3069.88   0.001217    6.15  0.000124  ( 0.008624 -0.003419  0.006133)
410:   3070.75   0.000297    1.50  0.000030  (-0.003290 -0.004036  0.001756)
411:   3082.65   0.001548    7.82  0.000157  (-0.006158  0.008046  0.007354)
412:   3093.64   0.003355   16.95  0.000338  ( 0.001052 -0.008928 -0.016049)
413:   3104.12   0.006558   33.14  0.000659  ( 0.010819  0.001710 -0.023223)
