  6:      7.31   0.000030    0.15  0.001271  ( 0.001202 -0.026733  0.023560)
  7:     10.52   0.000036    0.18  0.001076  ( 0.026612  0.000099 -0.019181)
  8:     12.33   0.000168    0.85  0.004246  ( 0.001226  0.042160 -0.049669)
  9:     14.67   0.000183    0.92  0.003885  ( 0.020428 -0.039962  0.043256)
 10:     16.76   0.000015    0.08  0.000282  (-0.008838  0.010205 -0.009979)
 11:     18.14   0.000182    0.92  0.003125  ( 0.022483 -0.040178  0.031709)
 12:     20.11   0.000457    2.31  0.007096  (-0.012738 -0.046161  0.069304)
 13:     22.84   0.001055    5.33  0.014410  ( 0.102551 -0.062043 -0.006640)
 14:     29.17   0.000024    0.12  0.000258  (-0.009464 -0.003589  0.012463)
 15:     30.79   0.000072    0.36  0.000726  ( 0.003333 -0.021916  0.015322)
 16:     33.88   0.000101    0.51  0.000933  ( 0.025064 -0.001731 -0.017387)
 17:     35.30   0.000152    0.77  0.001343  ( 0.024362 -0.000847 -0.027369)
 18:     37.88   0.000160    0.81  0.001319  (-0.030496 -0.014114  0.013791)
 19:     40.22   0.000389    1.97  0.003021  ( 0.052969 -0.003709 -0.014179)
 20:     44.19   0.000049    0.25  0.000345  (-0.010954 -0.000239  0.015009)
 21:     48.60   0.000093    0.47  0.000598  ( 0.009103  0.015949 -0.016161)
 22:     50.18   0.000026    0.13  0.000163  (-0.012176 -0.003734  0.000751)
 23:     51.58   0.000208    1.05  0.001260  (-0.014888 -0.006814  0.031494)
 24:     55.33   0.000033    0.17  0.000187  ( 0.000553 -0.012708 -0.005023)
 25:     58.04   0.000083    0.42  0.000445  ( 0.010146  0.015436 -0.010177)
 26:     63.05   0.000072    0.36  0.000354  ( 0.002289  0.018246  0.003969)
 27:     63.92   0.000143    0.72  0.000699  (-0.006933 -0.014620 -0.020913)
 28:     68.18   0.000034    0.17  0.000155  (-0.005743 -0.008056 -0.007542)
 29:     72.95   0.000238    1.20  0.001016  (-0.025417  0.017007  0.009007)
 30:     78.54   0.000217    1.10  0.000862  (-0.012914  0.014947  0.021732)
 31:     82.57   0.000050    0.25  0.000190  ( 0.002333  0.003627  0.013081)
 32:     87.11   0.000495    2.50  0.001773  (-0.009575 -0.014674 -0.038294)
 33:     90.76   0.000034    0.17  0.000116  ( 0.005314  0.006559  0.006685)
 34:     92.87   0.000189    0.95  0.000635  (-0.008031 -0.011702 -0.020816)
 35:     94.67   0.000128    0.65  0.000423  (-0.008364 -0.008478  0.016768)
 36:     97.03   0.000076    0.38  0.000245  ( 0.013196  0.008396  0.000206)
 37:    100.51   0.000148    0.75  0.000460  ( 0.017335  0.008952 -0.008926)
 38:    103.28   0.000210    1.06  0.000636  (-0.017956 -0.017666 -0.001221)
 39:    109.47   0.001222    6.18  0.003484  (-0.035863 -0.025261 -0.039498)
 40:    115.84   0.000407    2.06  0.001097  (-0.024137 -0.013934 -0.017899)
 41:    122.28   0.000029    0.15  0.000073  ( 0.001876 -0.004700  0.006920)
 42:    124.43   0.000036    0.18  0.000090  (-0.008395 -0.002881 -0.003376)
 43:    128.07   0.000297    1.50  0.000723  ( 0.004138  0.003587 -0.026316)
 44:    135.58   0.000335    1.70  0.000772  (-0.002336 -0.000037 -0.027688)
 45:    140.04   0.000048    0.24  0.000106  ( 0.005246  0.005761  0.006751)
 46:    141.84   0.000146    0.74  0.000321  ( 0.000933  0.002371 -0.017739)
 47:    147.47   0.000083    0.42  0.000175  (-0.003647 -0.001943 -0.012582)
 48:    153.85   0.000252    1.27  0.000511  ( 0.008963  0.003956  0.020382)
 49:    160.08   0.000004    0.02  0.000009  ( 0.002580  0.000208 -0.001384)
 50:    161.73   0.000043    0.22  0.000084  (-0.000074 -0.000949 -0.009110)
 51:    167.20   0.000167    0.84  0.000311  (-0.012492 -0.012382 -0.001277)
 52:    171.32   0.000516    2.61  0.000940  (-0.022659 -0.010156 -0.017990)
 53:    181.00   0.000137    0.69  0.000236  ( 0.011110  0.009365 -0.004999)
 54:    188.24   0.001629    8.23  0.002700  ( 0.009415  0.041238  0.030174)
 55:    195.79   0.000359    1.82  0.000573  (-0.008542  0.012077 -0.018817)
 56:    201.66   0.000006    0.03  0.000010  (-0.001816  0.000230  0.002523)
 57:    207.77   0.000017    0.08  0.000025  (-0.004566  0.000772  0.001930)
 58:    213.75   0.000328    1.66  0.000479  ( 0.009181  0.016577 -0.010960)
 59:    216.72   0.000440    2.23  0.000634  (-0.004276  0.010463 -0.022506)
 60:    230.62   0.000776    3.92  0.001050  ( 0.017966  0.002363  0.026855)
 61:    234.92   0.000393    1.99  0.000522  ( 0.011131 -0.009783  0.017401)
 62:    244.33   0.000334    1.69  0.000427  ( 0.014278  0.003354  0.014557)
 63:    245.38   0.000215    1.09  0.000273  ( 0.004994 -0.008591  0.013210)
 64:    247.05   0.000005    0.02  0.000006  (-0.002168 -0.000529  0.001078)
 65:    248.31   0.000106    0.54  0.000134  ( 0.003529 -0.004254  0.010160)
 66:    257.56   0.000233    1.18  0.000282  (-0.012136 -0.004193  0.010810)
 67:    260.52   0.000108    0.55  0.000130  (-0.005695 -0.001192  0.009787)
 68:    267.81   0.000003    0.01  0.000003  (-0.000476  0.000755 -0.001631)
 69:    273.79   0.000214    1.08  0.000244  ( 0.010832 -0.003773  0.010621)
 70:    274.33   0.000229    1.16  0.000260  (-0.013479 -0.004987  0.007315)
 71:    275.69   0.000076    0.38  0.000086  (-0.006119 -0.002863  0.006361)
 72:    284.43   0.000068    0.35  0.000075  (-0.005996  0.005801  0.002305)
 73:    295.34   0.000487    2.46  0.000514  ( 0.013907 -0.009937  0.014908)
 74:    296.94   0.000132    0.67  0.000139  ( 0.008332  0.007458 -0.003744)
 75:    304.28   0.000311    1.57  0.000319  (-0.012207  0.012907  0.001824)
 76:    307.58   0.000437    2.21  0.000444  (-0.003397  0.018401 -0.009664)
 77:    309.81   0.000086    0.44  0.000087  (-0.005126 -0.003005 -0.007187)
 78:    317.45   0.000094    0.47  0.000092  (-0.005418 -0.007864  0.000899)
 79:    327.18   0.000255    1.29  0.000243  ( 0.001922 -0.009402 -0.012299)
 80:    337.28   0.000499    2.52  0.000461  ( 0.000685  0.009383 -0.019309)
 81:    343.36   0.000391    1.98  0.000356  (-0.014671  0.009850  0.006591)
 82:    350.16   0.000200    1.01  0.000178  ( 0.003926 -0.012490  0.002561)
 83:    361.24   0.000626    3.16  0.000541  (-0.010868 -0.017406  0.010930)
 84:    380.17   0.000788    3.98  0.000647  (-0.007463 -0.005920 -0.023590)
 85:    391.28   0.000045    0.23  0.000036  (-0.005385 -0.001138  0.002386)
 86:    400.26   0.000411    2.08  0.000320  ( 0.016274  0.007343  0.001244)
 87:    405.32   0.000615    3.11  0.000474  ( 0.014687 -0.000812  0.016038)
 88:    409.14   0.000937    4.73  0.000714  (-0.018202 -0.000553 -0.019562)
 89:    422.27   0.006283   31.75  0.004643  ( 0.047445  0.003506  0.048785)
 90:    425.09   0.000124    0.63  0.000091  (-0.005664  0.001436 -0.007564)
 91:    427.29   0.000208    1.05  0.000152  (-0.008903 -0.001398 -0.008393)
 92:    430.22   0.000462    2.34  0.000335  ( 0.010358 -0.004755  0.014334)
 93:    441.39   0.000459    2.32  0.000324  ( 0.007612 -0.006314  0.015054)
 94:    443.66   0.001498    7.57  0.001054  ( 0.002949  0.010075 -0.030717)
 95:    446.26   0.000063    0.32  0.000044  (-0.006562  0.000102  0.001066)
 96:    453.84   0.001104    5.58  0.000759  ( 0.013568 -0.003387  0.023736)
 97:    463.08   0.000329    1.66  0.000222  (-0.003950 -0.012167  0.007633)
 98:    474.50   0.000207    1.05  0.000136  (-0.007355 -0.007109 -0.005626)
 99:    480.37   0.002723   13.76  0.001769  (-0.014390  0.023997 -0.031399)
100:    484.24   0.012082   61.06  0.007786  ( 0.019246  0.000044  0.086116)
101:    499.96   0.000921    4.65  0.000575  ( 0.013165 -0.019497 -0.004624)
102:    508.25   0.000180    0.91  0.000110  ( 0.007664 -0.005820 -0.004226)
103:    509.13   0.000034    0.17  0.000021  ( 0.000920 -0.004451  0.000337)
104:    521.24   0.000058    0.29  0.000035  ( 0.004698 -0.001257 -0.003312)
105:    557.27   0.002252   11.38  0.001261  (-0.016502 -0.015783 -0.027197)
106:    561.55   0.028959  146.35  0.016093  (-0.071930 -0.094732 -0.044103)
107:    571.05   0.038303  193.57  0.020932  ( 0.095825  0.087986  0.063307)
108:    575.89   0.000209    1.05  0.000113  ( 0.006086  0.001738 -0.008543)
109:    581.79   0.003428   17.32  0.001838  ( 0.001635 -0.000753 -0.042840)
110:    591.46   0.001760    8.89  0.000928  ( 0.027255  0.013366 -0.002619)
111:    594.34   0.001736    8.77  0.000911  ( 0.012619  0.002565  0.027306)
112:    622.76   0.000223    1.13  0.000112  ( 0.008563 -0.005477  0.002889)
113:    667.96   0.000384    1.94  0.000179  ( 0.008407 -0.006276  0.008324)
114:    687.57   0.001938    9.79  0.000879  (-0.001398  0.009398 -0.028091)
115:    713.43   0.001094    5.53  0.000479  (-0.021448  0.002302 -0.003640)
116:    714.35   0.001053    5.32  0.000460  (-0.010086 -0.003342 -0.018628)
117:    722.42   0.003711   18.76  0.001603  ( 0.038677 -0.010085  0.002376)
118:    726.78   0.000997    5.04  0.000428  ( 0.016198 -0.009323  0.008868)
119:    730.16   0.000704    3.56  0.000301  (-0.014819 -0.008540  0.002894)
120:    730.79   0.000332    1.68  0.000142  (-0.000345 -0.008760  0.008050)
121:    732.50   0.000566    2.86  0.000241  (-0.013381  0.007833  0.000890)
122:    733.90   0.000929    4.69  0.000395  ( 0.008146 -0.017348  0.005256)
123:    737.10   0.053940  272.59  0.022836  (-0.090593 -0.008478 -0.120654)
124:    738.05   0.003349   16.92  0.001416  ( 0.012534 -0.026984 -0.023039)
125:    747.65   0.003735   18.88  0.001559  (-0.022086  0.002623 -0.032625)
126:    750.31   0.000242    1.22  0.000100  ( 0.004920 -0.001821  0.008542)
127:    757.97   0.000358    1.81  0.000147  ( 0.008046 -0.000749 -0.009051)
128:    760.40   0.000132    0.67  0.000054  ( 0.002115 -0.006643  0.002384)
129:    779.48   0.002161   10.92  0.000865  ( 0.013806  0.019928  0.016658)
130:    785.04   0.000747    3.77  0.000297  (-0.015467  0.005886 -0.004786)
131:    796.50   0.000410    2.07  0.000161  ( 0.000264 -0.000042 -0.012678)
132:    798.51   0.006731   34.01  0.002630  ( 0.027735 -0.012473  0.041299)
133:    801.45   0.001166    5.89  0.000454  ( 0.009988  0.000091  0.018817)
134:    809.74   0.000391    1.98  0.000151  (-0.006287 -0.003639 -0.009897)
135:    813.00   0.005468   27.63  0.002099  (-0.019221 -0.040512 -0.009390)
136:    824.54   0.000218    1.10  0.000083  ( 0.001998 -0.001617  0.008715)
137:    839.55   0.001139    5.76  0.000423  (-0.008147 -0.000647 -0.018881)
138:    843.23   0.000720    3.64  0.000267  ( 0.004218 -0.003559  0.015365)
139:    847.69   0.000106    0.54  0.000039  ( 0.002172 -0.000321  0.005850)
140:    851.85   0.000179    0.91  0.000066  ( 0.007880 -0.000723 -0.001759)
141:    861.38   0.000158    0.80  0.000057  ( 0.002373 -0.007055 -0.001397)
142:    865.23   0.000214    1.08  0.000077  ( 0.008682 -0.001267 -0.000257)
143:    868.87   0.000254    1.28  0.000091  ( 0.007065  0.006315  0.001123)
144:    874.53   0.000303    1.53  0.000108  (-0.005957  0.008108  0.002614)
145:    881.43   0.000132    0.67  0.000047  (-0.001349 -0.001303  0.006566)
146:    883.40   0.001148    5.80  0.000406  ( 0.007601  0.012953  0.013421)
147:    897.05   0.009091   45.94  0.003162  ( 0.015786  0.044060  0.031177)
148:    897.94   0.000426    2.16  0.000148  ( 0.001895  0.000204  0.012024)
149:    905.10   0.002843   14.37  0.000980  ( 0.029083  0.005660  0.010123)
150:    909.71   0.001218    6.16  0.000418  ( 0.016835  0.005934  0.009965)
151:    911.57   0.001397    7.06  0.000478  (-0.021727  0.002474 -0.000248)
152:    921.53   0.002822   14.26  0.000956  (-0.012350 -0.006457  0.027597)
153:    922.24   0.003928   19.85  0.001329  ( 0.018975 -0.001342  0.031101)
154:    926.47   0.000343    1.73  0.000116  ( 0.000223 -0.010619 -0.001655)
155:    935.08   0.000084    0.42  0.000028  ( 0.002609 -0.004341 -0.001522)
156:    941.91   0.001831    9.25  0.000607  ( 0.020842 -0.013015 -0.001721)
157:    948.64   0.000087    0.44  0.000029  ( 0.004190 -0.002890  0.001669)
158:    950.34   0.002785   14.08  0.000915  (-0.026564 -0.003655 -0.013985)
159:    959.02   0.000782    3.95  0.000255  (-0.014975 -0.003717  0.004067)
160:    969.00   0.024871  125.69  0.008010  (-0.033811  0.020965 -0.080168)
161:    971.52   0.000065    0.33  0.000021  ( 0.002059  0.003964  0.000943)
162:    976.80   0.000032    0.16  0.000010  (-0.003147  0.000390 -0.000461)
163:    980.84   0.001302    6.58  0.000414  (-0.003800 -0.002083 -0.019885)
164:    983.09   0.004829   24.40  0.001533  (-0.011851  0.012027 -0.035325)
165:    987.21   0.004365   22.06  0.001380  ( 0.013649  0.016125 -0.030554)
166:    987.47   0.008191   41.39  0.002589  (-0.025878  0.009857 -0.042682)
167:    990.00   0.005489   27.74  0.001730  (-0.007992  0.013413 -0.038555)
168:    994.70   0.000452    2.28  0.000142  ( 0.006515  0.001408  0.009864)
169:   1005.11   0.000302    1.53  0.000094  ( 0.008013 -0.005076 -0.001960)
170:   1006.08   0.000839    4.24  0.000260  ( 0.015793  0.001539  0.002932)
171:   1007.04   0.000091    0.46  0.000028  (-0.004802  0.001664 -0.001502)
172:   1013.24   0.000221    1.12  0.000068  ( 0.007827 -0.002344 -0.001126)
173:   1016.45   0.000383    1.94  0.000118  (-0.006529 -0.001789 -0.008479)
174:   1017.52   0.068771  347.54  0.021092  (-0.050050  0.008654 -0.136058)
175:   1026.28   0.000485    2.45  0.000147  (-0.009116  0.001628 -0.007857)
176:   1027.11   0.008699   43.96  0.002643  ( 0.013611  0.049269  0.005499)
177:   1028.71   0.000468    2.37  0.000142  ( 0.006159  0.010127  0.001253)
178:   1029.97   0.003015   15.23  0.000913  (-0.002476 -0.028390  0.010062)
179:   1031.22   0.000976    4.93  0.000295  (-0.008741  0.006155  0.013453)
180:   1032.58   0.001737    8.78  0.000525  (-0.012102  0.003655  0.019111)
181:   1034.10   0.000032    0.16  0.000010  (-0.001565  0.000367  0.002667)
182:   1036.39   0.001547    7.82  0.000466  (-0.013231 -0.011050  0.012984)
183:   1038.91   0.005512   27.85  0.001656  (-0.009332 -0.028565  0.027432)
184:   1041.22   0.001218    6.15  0.000365  (-0.016958 -0.007441  0.004688)
185:   1043.84   0.000169    0.86  0.000051  ( 0.005768  0.000008  0.004166)
186:   1044.17   0.011091   56.05  0.003315  (-0.028884 -0.039687  0.030088)
187:   1045.05   0.000165    0.84  0.000049  ( 0.001094 -0.005298 -0.004487)
188:   1053.71   0.003148   15.91  0.000932  (-0.014736  0.008637 -0.025309)
189:   1054.17   0.002432   12.29  0.000720  (-0.022333  0.014690  0.002300)
190:   1062.15   0.003723   18.81  0.001094  (-0.030381 -0.005494  0.011857)
191:   1063.32   0.011367   57.44  0.003336  ( 0.008362 -0.038247 -0.042465)
192:   1063.40   0.001562    7.90  0.000458  ( 0.003024 -0.015117 -0.014861)
193:   1069.44   0.002417   12.21  0.000705  (-0.017198 -0.011026  0.016968)
194:   1076.49   0.007950   40.18  0.002305  ( 0.046736  0.010925 -0.001000)
195:   1083.07   0.002216   11.20  0.000638  ( 0.014935 -0.016889  0.011408)
196:   1090.54   0.004747   23.99  0.001358  ( 0.016788 -0.027753  0.017505)
197:   1097.03   0.000491    2.48  0.000140  ( 0.004266 -0.006082  0.009196)
198:   1097.87   0.001328    6.71  0.000378  (-0.006580 -0.009707  0.015495)
199:   1100.89   0.004783   24.17  0.001356  (-0.033773 -0.006393  0.013200)
200:   1103.05   0.000662    3.35  0.000187  (-0.009956  0.001510 -0.009272)
201:   1111.33   0.001656    8.37  0.000465  (-0.007515 -0.016420 -0.011780)
202:   1115.35   0.000418    2.11  0.000117  ( 0.005881 -0.002547  0.008717)
203:   1122.73   0.008959   45.27  0.002490  ( 0.026263 -0.023169  0.035547)
204:   1123.18   0.004347   21.97  0.001208  ( 0.000285 -0.034551  0.003745)
205:   1130.04   0.009875   49.91  0.002727  ( 0.015834 -0.034335  0.036021)
206:   1143.75   0.000376    1.90  0.000103  ( 0.006962 -0.001296  0.007242)
207:   1160.52   0.001440    7.28  0.000387  ( 0.016180 -0.006043 -0.009435)
208:   1165.69   0.008359   42.24  0.002238  (-0.046119  0.000044 -0.010528)
209:   1182.10   0.002334   11.80  0.000616  (-0.020664 -0.002763 -0.013477)
210:   1188.25   0.000464    2.35  0.000122  (-0.008169  0.000778 -0.007391)
211:   1189.40   0.002862   14.46  0.000751  (-0.007568 -0.024957 -0.008416)
212:   1191.88   0.003266   16.50  0.000855  ( 0.026285  0.012743  0.001344)
213:   1197.21   0.007092   35.84  0.001848  ( 0.014108 -0.037231  0.016227)
214:   1203.49   0.000797    4.03  0.000207  (-0.002788  0.001498 -0.014023)
215:   1205.85   0.000351    1.77  0.000091  (-0.002680 -0.000141 -0.009140)
216:   1210.63   0.027350  138.21  0.007050  ( 0.081280  0.019154  0.008758)
217:   1216.17   0.000225    1.14  0.000058  ( 0.004866  0.005624 -0.001580)
218:   1220.12   0.000935    4.72  0.000239  (-0.001796 -0.006637 -0.013851)
219:   1222.79   0.001878    9.49  0.000479  (-0.015937  0.013655  0.006224)
220:   1225.30   0.001701    8.60  0.000433  (-0.008187 -0.010280  0.016143)
221:   1227.76   0.012415   62.74  0.003156  ( 0.030153 -0.006789  0.046908)
222:   1234.79   0.001225    6.19  0.000310  ( 0.000785 -0.016381 -0.006376)
223:   1235.21   0.000740    3.74  0.000187  ( 0.008520 -0.005766 -0.009010)
224:   1239.95   0.000624    3.15  0.000157  ( 0.009397  0.006546 -0.005085)
225:   1241.55   0.002686   13.57  0.000675  (-0.025055 -0.005831 -0.003648)
226:   1247.65   0.001206    6.09  0.000302  ( 0.009599 -0.003431  0.014060)
227:   1249.97   0.001285    6.50  0.000321  ( 0.015619  0.008761 -0.000406)
228:   1252.33   0.010128   51.18  0.002524  ( 0.021343 -0.037344 -0.025956)
229:   1253.26   0.000612    3.09  0.000152  (-0.007880  0.008876  0.003402)
230:   1258.29   0.002214   11.19  0.000549  (-0.006701  0.018824  0.012237)
231:   1258.39   0.000728    3.68  0.000181  (-0.008685  0.003923 -0.009476)
232:   1260.08   0.003231   16.33  0.000800  ( 0.013769 -0.023669 -0.007099)
233:   1261.09   0.006481   32.75  0.001604  ( 0.018264 -0.033459 -0.012272)
234:   1266.00   0.014855   75.07  0.003662  (-0.026841  0.038108  0.038589)
235:   1267.45   0.011271   56.96  0.002775  (-0.008158  0.040631  0.032522)
236:   1268.94   0.000143    0.73  0.000035  (-0.003523  0.003331  0.003432)
237:   1271.21   0.000866    4.37  0.000212  ( 0.011305  0.002701 -0.008797)
238:   1275.68   0.002328   11.76  0.000569  (-0.006731  0.000837 -0.022879)
239:   1278.12   0.000139    0.70  0.000034  (-0.002757  0.003449 -0.003807)
240:   1279.74   0.000165    0.83  0.000040  (-0.005038  0.002016 -0.003268)
241:   1280.75   0.000188    0.95  0.000046  (-0.001810 -0.004717 -0.004493)
242:   1284.09   0.000044    0.22  0.000011  (-0.001404  0.002957 -0.000063)
243:   1286.83   0.000168    0.85  0.000041  (-0.005667 -0.000926  0.002805)
244:   1287.63   0.000123    0.62  0.000030  ( 0.001045 -0.005260  0.001015)
245:   1289.88   0.000041    0.21  0.000010  ( 0.001119  0.000055  0.002940)
246:   1290.88   0.001289    6.51  0.000312  ( 0.017019  0.004594 -0.000939)
247:   1291.26   0.000176    0.89  0.000042  ( 0.006193  0.000218  0.002022)
248:   1294.85   0.000478    2.42  0.000115  (-0.008771  0.001404 -0.006030)
249:   1295.32   0.001982   10.02  0.000477  (-0.011056  0.008286 -0.016929)
250:   1297.19   0.000631    3.19  0.000152  ( 0.002043  0.011399  0.004211)
251:   1298.47   0.000530    2.68  0.000127  ( 0.010224  0.000870  0.004700)
252:   1300.61   0.001018    5.14  0.000244  (-0.013559 -0.003854  0.006742)
253:   1300.86   0.000967    4.89  0.000232  (-0.005265 -0.009765 -0.010434)
254:   1304.62   0.001388    7.01  0.000332  ( 0.006519  0.004739 -0.016342)
255:   1305.30   0.000071    0.36  0.000017  (-0.000793  0.004024 -0.000507)
256:   1312.28   0.000367    1.86  0.000087  ( 0.002752  0.002490 -0.008576)
257:   1312.65   0.003934   19.88  0.000935  (-0.013099  0.017572 -0.021330)
258:   1327.83   0.001834    9.27  0.000431  ( 0.015146 -0.005650 -0.013022)
259:   1329.70   0.001076    5.44  0.000253  (-0.002863 -0.003115 -0.015317)
260:   1330.46   0.000290    1.47  0.000068  (-0.006510  0.005017 -0.000686)
261:   1334.11   0.000751    3.80  0.000176  ( 0.001714  0.007001  0.011124)
262:   1336.72   0.001332    6.73  0.000311  (-0.005919 -0.006472 -0.015299)
263:   1341.23   0.001526    7.71  0.000355  ( 0.002417 -0.004109 -0.018228)
264:   1342.44   0.001330    6.72  0.000309  ( 0.000139 -0.015864  0.007587)
265:   1342.97   0.000685    3.46  0.000159  ( 0.003157  0.004005 -0.011540)
266:   1353.67   0.000699    3.53  0.000161  ( 0.008048  0.000202  0.009820)
267:   1354.92   0.000119    0.60  0.000027  (-0.002115 -0.003748 -0.002965)
268:   1355.40   0.001216    6.15  0.000280  (-0.006611 -0.001664 -0.015281)
269:   1356.54   0.000866    4.37  0.000199  ( 0.001026  0.000834  0.014049)
270:   1356.86   0.000329    1.66  0.000076  (-0.006396 -0.002838 -0.005167)
271:   1359.25   0.000649    3.28  0.000149  ( 0.000601  0.000531 -0.012176)
272:   1360.55   0.001154    5.83  0.000265  (-0.008386  0.000075 -0.013939)
273:   1361.59   0.000457    2.31  0.000105  ( 0.000765  0.001718  0.010059)
274:   1362.29   0.004948   25.00  0.001133  ( 0.001905 -0.029950 -0.015256)
275:   1363.99   0.000307    1.55  0.000070  (-0.005178  0.001253  0.006469)
276:   1364.00   0.000127    0.64  0.000029  (-0.002873 -0.001923  0.004140)
277:   1366.07   0.000717    3.62  0.000164  (-0.005882 -0.003263 -0.010890)
278:   1375.98   0.001965    9.93  0.000446  (-0.007005 -0.008952 -0.017789)
279:   1387.16   0.000376    1.90  0.000085  (-0.004988 -0.007720 -0.000309)
280:   1387.73   0.000473    2.39  0.000106  (-0.002708 -0.000439 -0.009947)
281:   1388.93   0.000853    4.31  0.000192  ( 0.002747  0.005431  0.012434)
282:   1389.24   0.000049    0.25  0.000011  ( 0.002773 -0.000700  0.001652)
283:   1394.37   0.001218    6.15  0.000272  (-0.011608 -0.003466 -0.011213)
284:   1404.12   0.000104    0.52  0.000023  (-0.002383  0.000237 -0.004156)
285:   1406.62   0.000995    5.03  0.000221  ( 0.013451 -0.004825  0.004069)
286:   1408.34   0.001148    5.80  0.000254  (-0.010866  0.003576  0.011116)
287:   1408.69   0.000260    1.31  0.000058  ( 0.006431 -0.001480  0.003750)
288:   1414.31   0.000177    0.89  0.000039  ( 0.003030 -0.000314 -0.005455)
289:   1414.67   0.000366    1.85  0.000081  (-0.008402  0.002815  0.001459)
290:   1414.92   0.000678    3.43  0.000150  (-0.002354 -0.011946 -0.001131)
291:   1415.77   0.000194    0.98  0.000043  ( 0.006142  0.001995  0.001015)
292:   1417.12   0.000394    1.99  0.000087  ( 0.008564  0.000885 -0.003550)
293:   1417.81   0.000308    1.56  0.000068  ( 0.005438 -0.000502  0.006169)
294:   1418.81   0.000059    0.30  0.000013  ( 0.001629 -0.002849 -0.001473)
295:   1418.99   0.000260    1.31  0.000057  (-0.003161  0.006748 -0.001298)
296:   1420.36   0.000146    0.74  0.000032  ( 0.005160  0.002116 -0.000999)
297:   1420.59   0.000057    0.29  0.000012  (-0.002892 -0.001662  0.001142)
298:   1420.90   0.000822    4.16  0.000181  (-0.012910 -0.001200 -0.003536)
299:   1421.45   0.000516    2.61  0.000113  (-0.000973  0.009019  0.005567)
300:   1422.70   0.000049    0.25  0.000011  ( 0.000074  0.003282  0.000155)
301:   1423.19   0.000028    0.14  0.000006  ( 0.002278 -0.000756  0.000670)
302:   1423.92   0.000909    4.60  0.000199  (-0.008018 -0.011403 -0.002233)
303:   1425.44   0.000129    0.65  0.000028  (-0.001930  0.004942 -0.000291)
304:   1426.90   0.000629    3.18  0.000138  ( 0.001235 -0.001757 -0.011531)
305:   1428.48   0.001131    5.72  0.000247  (-0.014196  0.002753 -0.006160)
306:   1429.76   0.000223    1.13  0.000049  ( 0.004724  0.004472 -0.002513)
307:   1430.02   0.000986    4.98  0.000215  (-0.010208  0.009651 -0.004217)
308:   1430.30   0.000939    4.75  0.000205  (-0.001447  0.013365 -0.004918)
309:   1430.68   0.000717    3.62  0.000156  (-0.001461  0.011487  0.004718)
310:   1431.14   0.000024    0.12  0.000005  ( 0.001319 -0.001650 -0.000889)
311:   1432.17   0.000878    4.44  0.000191  (-0.005437  0.001619 -0.012616)
312:   1433.31   0.002235   11.30  0.000487  ( 0.013185  0.012224 -0.012783)
313:   1434.17   0.000077    0.39  0.000017  ( 0.002895  0.002876 -0.000144)
314:   1439.05   0.000012    0.06  0.000003  ( 0.001202 -0.000071  0.001078)
315:   1439.82   0.000519    2.62  0.000113  ( 0.005662  0.008876  0.001303)
316:   1440.13   0.000325    1.64  0.000070  (-0.004601  0.000052  0.007021)
317:   1442.19   0.000393    1.99  0.000085  ( 0.007701  0.001502 -0.004844)
318:   1442.88   0.002082   10.52  0.000450  ( 0.010577 -0.000176  0.018398)
319:   1445.63   0.000268    1.36  0.000058  (-0.004428 -0.006165 -0.000541)
320:   1445.96   0.000250    1.27  0.000054  ( 0.004923 -0.004247  0.003431)
321:   1446.26   0.009844   49.75  0.002124  ( 0.007128  0.028951  0.035144)
322:   1447.17   0.000652    3.29  0.000141  ( 0.004096 -0.007708  0.008022)
323:   1447.84   0.001270    6.42  0.000274  ( 0.014607  0.007666 -0.001237)
324:   1452.10   0.004499   22.74  0.000967  (-0.011636  0.009982 -0.027054)
325:   1467.69   0.014170   71.61  0.003013  ( 0.038875  0.006251  0.038242)
326:   1657.73   0.000500    2.53  0.000094  ( 0.007920  0.004613  0.003194)
327:   1668.87   0.000416    2.10  0.000078  ( 0.001997  0.002070 -0.008340)
328:   1753.11   0.029536  149.26  0.005258  ( 0.037365 -0.061155  0.011019)
329:   1759.52   0.039763  200.94  0.007052  ( 0.035639  0.071884  0.024795)
330:   2860.23   0.005883   29.73  0.000642  (-0.003349  0.024533 -0.005367)
331:   2881.91   0.007743   39.13  0.000838  (-0.013326 -0.004747  0.025265)
332:   2887.80   0.002970   15.01  0.000321  (-0.017567  0.001445  0.003212)
333:   2898.59   0.000095    0.48  0.000010  (-0.002429 -0.001797  0.001042)
334:   2900.18   0.003516   17.77  0.000378  ( 0.003408  0.016231  0.010161)
335:   2901.03   0.002006   10.14  0.000216  ( 0.002440 -0.012844  0.006698)
336:   2901.37   0.000872    4.41  0.000094  ( 0.004886  0.008220 -0.001520)
337:   2901.91   0.001615    8.16  0.000174  (-0.012154 -0.004600  0.002188)
338:   2904.23   0.000221    1.12  0.000024  (-0.002793 -0.003419  0.002069)
339:   2904.29   0.001527    7.72  0.000164  ( 0.010597 -0.002304  0.006820)
340:   2905.24   0.001786    9.03  0.000192  (-0.002390  0.013629 -0.000609)
341:   2905.33   0.000956    4.83  0.000103  ( 0.003178 -0.009618 -0.000325)
342:   2906.64   0.008171   41.29  0.000877  ( 0.023032  0.018401 -0.002859)
343:   2907.96   0.001998   10.10  0.000214  ( 0.003370  0.012716 -0.006434)
344:   2908.15   0.000150    0.76  0.000016  ( 0.002375  0.003134 -0.000761)
345:   2911.08   0.001831    9.25  0.000196  (-0.011517 -0.007184  0.003464)
346:   2912.87   0.001285    6.49  0.000138  ( 0.009932 -0.005619 -0.002725)
347:   2914.01   0.010222   51.66  0.001095  ( 0.031958  0.002829 -0.008088)
348:   2914.25   0.002589   13.08  0.000277  ( 0.016037  0.001703 -0.004138)
349:   2915.67   0.002605   13.16  0.000279  ( 0.016129 -0.004215  0.000939)
350:   2915.87   0.008240   41.64  0.000882  (-0.001223 -0.018174  0.023455)
351:   2916.43   0.023958  121.08  0.002564  (-0.047577 -0.016262  0.005962)
352:   2916.84   0.016240   82.07  0.001737  (-0.003213  0.039286 -0.013555)
353:   2918.76   0.002176   10.99  0.000233  ( 0.006585  0.012761 -0.005138)
354:   2920.44   0.000661    3.34  0.000071  ( 0.004942 -0.005000  0.004600)
355:   2923.12   0.007202   36.40  0.000769  (-0.010663  0.008769  0.024047)
356:   2924.94   0.010251   51.81  0.001094  (-0.019309  0.017358  0.020483)
357:   2925.58   0.009390   47.45  0.001002  (-0.018472  0.000456  0.025694)
358:   2925.98   0.007882   39.83  0.000841  ( 0.003278  0.028549 -0.003860)
359:   2926.34   0.000870    4.40  0.000093  (-0.004571  0.005461  0.006486)
360:   2928.71   0.012660   63.98  0.001349  (-0.007834  0.028425 -0.021900)
361:   2932.89   0.004438   22.43  0.000472  (-0.005263 -0.020331 -0.005584)
362:   2933.12   0.001226    6.19  0.000130  (-0.009216 -0.005679  0.003634)
363:   2935.14   0.002095   10.59  0.000223  ( 0.011402 -0.009205 -0.002831)
364:   2935.42   0.000693    3.50  0.000074  ( 0.005355  0.005548 -0.003777)
365:   2938.05   0.001684    8.51  0.000179  (-0.002776 -0.011400  0.006418)
366:   2940.52   0.002204   11.14  0.000234  ( 0.006028 -0.013764  0.002848)
367:   2941.32   0.008538   43.15  0.000906  (-0.000332  0.029138  0.007533)
368:   2941.99   0.001147    5.80  0.000122  (-0.010317  0.003728 -0.001154)
369:   2942.01   0.003166   16.00  0.000336  ( 0.012918 -0.009923  0.008391)
370:   2945.87   0.000109    0.55  0.000012  ( 0.002669  0.001374  0.001605)
371:   2948.21   0.003359   16.98  0.000356  (-0.005051 -0.014860 -0.010453)
372:   2950.25   0.004378   22.12  0.000463  ( 0.019962 -0.008027  0.000324)
373:   2950.44   0.005299   26.78  0.000560  ( 0.022476 -0.006089 -0.004273)
374:   2952.43   0.002149   10.86  0.000227  ( 0.002581  0.003218 -0.014494)
375:   2953.61   0.013249   66.96  0.001400  ( 0.023599  0.007273  0.028108)
376:   2953.71   0.001459    7.37  0.000154  (-0.007250 -0.010067 -0.000463)
377:   2953.74   0.001173    5.93  0.000124  ( 0.001434  0.009238 -0.006047)
378:   2956.01   0.002737   13.83  0.000289  ( 0.011954 -0.011632 -0.003278)
379:   2960.63   0.003815   19.28  0.000402  ( 0.014428  0.007272  0.011877)
380:   2962.07   0.003161   15.97  0.000333  (-0.017346 -0.005647 -0.000483)
381:   2963.21   0.006966   35.21  0.000734  ( 0.001338 -0.013520  0.023432)
382:   2963.28   0.009102   46.00  0.000959  (-0.030657 -0.001063  0.004192)
383:   2966.58   0.000478    2.42  0.000050  (-0.003607 -0.000404  0.006093)
384:   2968.05   0.014511   73.33  0.001526  ( 0.022651 -0.023600  0.021346)
385:   2968.26   0.003726   18.83  0.000392  ( 0.013571  0.012251 -0.007579)
386:   2969.54   0.000965    4.88  0.000101  ( 0.000852  0.006436  0.007696)
387:   2971.60   0.006416   32.42  0.000674  (-0.003924  0.015992  0.020065)
388:   2971.99   0.005655   28.58  0.000594  ( 0.012204  0.013826  0.015929)
389:   2973.34   0.002003   10.12  0.000210  ( 0.003624 -0.002383  0.013834)
390:   2975.68   0.019603   99.07  0.002056  ( 0.021957  0.037189  0.013810)
391:   2979.15   0.014725   74.41  0.001542  (-0.035103 -0.011072 -0.013696)
392:   2980.52   0.009982   50.44  0.001045  (-0.024746 -0.007229  0.019506)
393:   2983.10   0.007336   37.07  0.000767  ( 0.023630  0.011336 -0.008974)
394:   2983.89   0.007406   37.43  0.000775  (-0.023500 -0.010933  0.010138)
395:   2991.12   0.008577   43.34  0.000895  ( 0.008176 -0.018071  0.022392)
396:   2996.13   0.000296    1.49  0.000031  ( 0.005332  0.000953  0.001201)
397:   2997.63   0.009306   47.03  0.000969  ( 0.026667 -0.003785  0.015598)
398:   3000.23   0.008332   42.11  0.000867  (-0.009305 -0.027878 -0.001710)
399:   3006.77   0.003705   18.72  0.000385  ( 0.016393  0.010478 -0.002456)
400:   3011.87   0.003514   17.76  0.000364  (-0.018645  0.001873 -0.003594)
401:   3013.13   0.002571   12.99  0.000266  ( 0.005948  0.014182  0.005453)
402:   3013.81   0.001988   10.05  0.000206  ( 0.011599  0.006029  0.005916)
403:   3022.95   0.002004   10.13  0.000207  ( 0.004160  0.013510  0.002652)
404:   3026.47   0.002307   11.66  0.000238  ( 0.011072  0.007273  0.007899)
405:   3028.83   0.001447    7.31  0.000149  ( 0.007740  0.006556 -0.006793)
406:   3038.94   0.007713   38.98  0.000792  (-0.020610 -0.008570  0.017141)
407:   3054.63   0.004691   23.71  0.000479  ( 0.013859  0.016373  0.004375)
408:   3058.30   0.001932    9.76  0.000197  ( 0.008861  0.010067  0.004152)
409:   3059.43   0.001795    9.07  0.000183  (-0.010534 -0.005838 -0.006171)
410:   3065.42   0.001315    6.64  0.000134  (-0.004374  0.008702 -0.006244)
411:   3078.59   0.000076    0.38  0.000008  ( 0.001522 -0.000777 -0.002182)
412:   3082.94   0.000031    0.16  0.000003  (-0.000513  0.001294  0.001109)
413:   3099.92   0.000571    2.89  0.000057  ( 0.007216  0.000950 -0.002122)
