  6:      6.21   0.000168    0.85  0.008427  ( 0.014519  0.017784 -0.088880)
  7:      8.91   0.000006    0.03  0.000219  (-0.007798 -0.006438 -0.010795)
  8:     11.34   0.000018    0.09  0.000499  (-0.011847 -0.012420  0.014291)
  9:     13.67   0.000168    0.85  0.003832  ( 0.021430  0.028588 -0.050552)
 10:     15.76   0.000005    0.02  0.000095  ( 0.004314  0.007749 -0.004101)
 11:     20.69   0.000203    1.03  0.003062  ( 0.039880  0.038362 -0.000081)
 12:     23.75   0.000007    0.03  0.000090  ( 0.005628  0.001838 -0.007429)
 13:     24.40   0.000119    0.60  0.001524  ( 0.023753  0.030969 -0.000522)
 14:     26.13   0.000114    0.58  0.001363  ( 0.026592  0.017247  0.018928)
 15:     28.62   0.000373    1.89  0.004067  ( 0.003626  0.020320 -0.060342)
 16:     33.52   0.000533    2.69  0.004965  ( 0.037227  0.028255  0.052730)
 17:     36.44   0.000434    2.19  0.003717  (-0.031513 -0.052175 -0.001406)
 18:     38.11   0.000172    0.87  0.001412  (-0.023728 -0.025837  0.013475)
 19:     41.82   0.000099    0.50  0.000740  ( 0.015332  0.021828  0.005347)
 20:     46.17   0.000979    4.95  0.006614  ( 0.027176  0.012632 -0.075605)
 21:     46.97   0.000018    0.09  0.000117  ( 0.005067  0.000437  0.009556)
 22:     50.70   0.000295    1.49  0.001814  ( 0.006220  0.021142  0.036443)
 23:     56.93   0.000029    0.15  0.000160  ( 0.008500 -0.006422 -0.006812)
 24:     59.65   0.000002    0.01  0.000013  ( 0.000909 -0.002425  0.002481)
 25:     64.18   0.000099    0.50  0.000481  ( 0.006209  0.003200  0.020794)
 26:     67.88   0.000090    0.46  0.000416  ( 0.008709  0.017283  0.006432)
 27:     68.71   0.000020    0.10  0.000089  ( 0.007309 -0.002274 -0.005521)
 28:     76.51   0.000069    0.35  0.000281  ( 0.014234  0.000205  0.008823)
 29:     80.73   0.000033    0.16  0.000126  (-0.001900 -0.010737  0.002685)
 30:     86.52   0.000067    0.34  0.000243  ( 0.005170 -0.013554 -0.005683)
 31:     88.51   0.000314    1.59  0.001109  ( 0.022582  0.011503 -0.021595)
 32:     89.63   0.000018    0.09  0.000062  (-0.003493 -0.005444  0.004511)
 33:     94.12   0.000000    0.00  0.000001  (-0.000855 -0.000240  0.000137)
 34:     98.73   0.000387    1.95  0.001222  (-0.027275 -0.014615 -0.016251)
 35:    100.80   0.000070    0.35  0.000215  (-0.011365 -0.006868  0.006248)
 36:    101.89   0.000328    1.66  0.001003  ( 0.011186 -0.008199 -0.028478)
 37:    103.32   0.000490    2.48  0.001480  ( 0.020908  0.015958  0.028076)
 38:    110.45   0.000058    0.29  0.000163  (-0.002484 -0.006144 -0.010928)
 39:    113.49   0.000266    1.34  0.000732  ( 0.016452  0.016652  0.013556)
 40:    114.93   0.000160    0.81  0.000434  (-0.010464 -0.017128 -0.005557)
 41:    122.80   0.000186    0.94  0.000473  (-0.003594 -0.015853 -0.014450)
 42:    126.66   0.000848    4.29  0.002090  (-0.018207  0.029482  0.029814)
 43:    128.58   0.000535    2.71  0.001300  ( 0.000821 -0.027248 -0.023589)
 44:    131.06   0.000175    0.89  0.000417  ( 0.015762  0.009197  0.009183)
 45:    138.33   0.000935    4.72  0.002109  (-0.026389  0.008639 -0.036574)
 46:    140.47   0.001414    7.15  0.003141  (-0.033757  0.028827 -0.034215)
 47:    141.46   0.001211    6.12  0.002672  ( 0.021370 -0.042754  0.019681)
 48:    142.37   0.000176    0.89  0.000387  (-0.002475 -0.017988  0.007541)
 49:    156.02   0.000602    3.04  0.001204  ( 0.001747  0.027505 -0.021075)
 50:    167.26   0.000032    0.16  0.000060  ( 0.002268  0.006541 -0.003544)
 51:    172.53   0.000101    0.51  0.000182  (-0.007641 -0.001650  0.011016)
 52:    179.70   0.000674    3.40  0.001170  ( 0.031627 -0.010969  0.007006)
 53:    191.05   0.000199    1.01  0.000326  (-0.006178  0.002291 -0.016806)
 54:    196.78   0.000040    0.20  0.000063  ( 0.006025 -0.002132  0.004682)
 55:    200.24   0.000414    2.09  0.000645  (-0.010570  0.013998 -0.018379)
 56:    206.19   0.000029    0.15  0.000044  (-0.003527 -0.001529 -0.005376)
 57:    209.28   0.000052    0.26  0.000077  ( 0.004537 -0.006800  0.003191)
 58:    214.17   0.000699    3.53  0.001018  ( 0.001602 -0.005438  0.031397)
 59:    224.37   0.001176    5.94  0.001636  ( 0.030726 -0.026060 -0.003587)
 60:    237.13   0.000165    0.83  0.000217  ( 0.007026  0.001836 -0.012818)
 61:    243.81   0.000019    0.10  0.000024  (-0.003845  0.001726  0.002538)
 62:    254.12   0.000557    2.82  0.000685  (-0.011925 -0.000374 -0.023286)
 63:    258.84   0.000049    0.25  0.000059  (-0.002738 -0.002002 -0.006903)
 64:    263.74   0.000314    1.59  0.000372  ( 0.000552  0.003741  0.018906)
 65:    265.72   0.000502    2.53  0.000589  (-0.003374  0.003249  0.023814)
 66:    266.38   0.000092    0.46  0.000107  (-0.004827 -0.003896  0.008308)
 67:    275.86   0.000046    0.23  0.000052  (-0.000752 -0.001450  0.007051)
 68:    278.87   0.000056    0.28  0.000062  ( 0.001872 -0.006427  0.004180)
 69:    281.23   0.000130    0.65  0.000144  ( 0.000463 -0.000744  0.011957)
 70:    286.18   0.000410    2.07  0.000447  ( 0.013842 -0.013613  0.008348)
 71:    290.40   0.000463    2.34  0.000498  ( 0.009674 -0.000256  0.020109)
 72:    291.59   0.000200    1.01  0.000214  ( 0.008375 -0.009406 -0.007467)
 73:    300.18   0.000118    0.60  0.000123  (-0.005519 -0.008156  0.005098)
 74:    304.75   0.000012    0.06  0.000013  (-0.002890  0.001319 -0.001565)
 75:    309.15   0.000452    2.29  0.000457  ( 0.004759 -0.003361  0.020562)
 76:    311.56   0.000561    2.83  0.000561  (-0.023501 -0.002798 -0.001165)
 77:    315.92   0.000622    3.14  0.000614  ( 0.013253 -0.000406  0.020935)
 78:    318.23   0.000004    0.02  0.000004  (-0.000962  0.000651  0.001662)
 79:    337.19   0.000924    4.67  0.000855  (-0.028886  0.003021 -0.003363)
 80:    338.27   0.001307    6.60  0.001206  (-0.031463  0.011854 -0.008665)
 81:    345.38   0.000423    2.14  0.000382  (-0.016411  0.002779  0.010235)
 82:    347.56   0.000358    1.81  0.000322  ( 0.013480 -0.010379  0.005672)
 83:    358.80   0.000057    0.29  0.000050  (-0.004487 -0.005404 -0.000635)
 84:    366.51   0.001403    7.09  0.001194  (-0.030787 -0.008381  0.013278)
 85:    367.79   0.000503    2.54  0.000427  (-0.016997 -0.009137 -0.007396)
 86:    379.05   0.000750    3.79  0.000618  (-0.006378 -0.011644  0.021006)
 87:    396.16   0.000012    0.06  0.000009  (-0.000438  0.000874 -0.002902)
 88:    400.98   0.000472    2.39  0.000368  (-0.014095  0.008187  0.010094)
 89:    411.94   0.003623   18.31  0.002745  ( 0.023003 -0.011301  0.045693)
 90:    424.13   0.000431    2.18  0.000317  ( 0.017546 -0.002978  0.000181)
 91:    433.87   0.000626    3.16  0.000450  (-0.013688  0.000374  0.016212)
 92:    442.47   0.002027   10.24  0.001430  (-0.004488  0.004284  0.037299)
 93:    447.68   0.000298    1.51  0.000208  (-0.003226  0.003911  0.013496)
 94:    453.20   0.000021    0.11  0.000015  ( 0.000418 -0.003317 -0.001831)
 95:    457.52   0.000031    0.15  0.000021  ( 0.003809  0.002228  0.001154)
 96:    460.43   0.001125    5.69  0.000763  (-0.011238  0.011903 -0.022241)
 97:    467.75   0.003234   16.34  0.002158  ( 0.014739 -0.020385  0.039050)
 98:    469.85   0.000405    2.05  0.000269  ( 0.009610  0.001352  0.013233)
 99:    479.83   0.000011    0.06  0.000007  ( 0.001047  0.000362 -0.002478)
100:    482.93   0.006360   32.14  0.004110  ( 0.043531 -0.046722 -0.005634)
101:    484.82   0.000174    0.88  0.000112  ( 0.009731 -0.004034 -0.001149)
102:    498.45   0.000387    1.96  0.000242  ( 0.014730 -0.003253 -0.003844)
103:    517.78   0.000249    1.26  0.000150  ( 0.008476 -0.008444  0.002616)
104:    521.14   0.000054    0.27  0.000032  (-0.002174  0.003865 -0.003564)
105:    528.02   0.000304    1.54  0.000180  (-0.000771 -0.013339  0.001175)
106:    548.66   0.000873    4.41  0.000497  ( 0.012798 -0.015751 -0.009207)
107:    551.67   0.004895   24.74  0.002769  (-0.036208 -0.033756  0.017852)
108:    582.07   0.005848   29.55  0.003135  ( 0.034087  0.036502  0.025314)
109:    593.23   0.000391    1.98  0.000206  (-0.005153 -0.004138  0.012733)
110:    601.89   0.000633    3.20  0.000328  ( 0.001340 -0.005877 -0.017078)
111:    608.19   0.000927    4.68  0.000476  ( 0.001475  0.014580 -0.016152)
112:    642.92   0.015915   80.43  0.007725  (-0.082336 -0.007839  0.029734)
113:    654.28   0.050638  255.90  0.024152  ( 0.081302 -0.029431  0.129136)
114:    675.40   0.010430   52.71  0.004819  ( 0.067476  0.009943  0.012927)
115:    689.48   0.000980    4.95  0.000444  (-0.002317  0.018602 -0.009601)
116:    707.57   0.001366    6.91  0.000603  (-0.021042 -0.011122 -0.006014)
117:    712.33   0.003526   17.82  0.001545  ( 0.004090  0.014252 -0.036398)
118:    716.82   0.002279   11.52  0.000992  (-0.027692 -0.007257  0.013144)
119:    722.48   0.000722    3.65  0.000312  ( 0.003057 -0.005484 -0.016500)
120:    723.61   0.004425   22.36  0.001908  ( 0.015896 -0.007041 -0.040077)
121:    727.26   0.000431    2.18  0.000185  (-0.011495  0.004075 -0.006008)
122:    737.60   0.000460    2.32  0.000194  (-0.002530 -0.012136 -0.006386)
123:    739.18   0.001264    6.39  0.000534  (-0.012510  0.009578  0.016899)
124:    741.11   0.000570    2.88  0.000240  (-0.014193 -0.002282  0.005770)
125:    744.79   0.000288    1.45  0.000120  (-0.000173 -0.001922  0.010806)
126:    747.05   0.001737    8.78  0.000725  (-0.024902  0.007093  0.007418)
127:    763.17   0.000085    0.43  0.000035  ( 0.000416 -0.005713  0.001383)
128:    770.19   0.000027    0.14  0.000011  ( 0.000840 -0.003095 -0.000781)
129:    780.61   0.000482    2.44  0.000193  ( 0.002824  0.010072  0.009133)
130:    792.80   0.001814    9.17  0.000714  ( 0.026314 -0.000472 -0.004613)
131:    794.31   0.001217    6.15  0.000478  ( 0.020504  0.006042  0.004611)
132:    803.74   0.002771   14.00  0.001076  ( 0.010858  0.017097 -0.025801)
133:    806.14   0.002676   13.52  0.001036  ( 0.000724 -0.008610 -0.031005)
134:    807.89   0.006104   30.85  0.002358  ( 0.014977  0.035156 -0.029959)
135:    819.10   0.000722    3.65  0.000275  ( 0.002918  0.000324  0.016326)
136:    830.01   0.000729    3.68  0.000274  ( 0.000968  0.000613  0.016510)
137:    830.15   0.000221    1.11  0.000083  (-0.004705  0.001055  0.007724)
138:    845.24   0.000067    0.34  0.000025  (-0.001327  0.003405 -0.003355)
139:    847.00   0.002175   10.99  0.000801  (-0.022491 -0.005698 -0.016223)
140:    847.44   0.000300    1.52  0.000111  (-0.000767 -0.004520  0.009466)
141:    848.19   0.000898    4.54  0.000330  (-0.004612 -0.004700 -0.016942)
142:    851.36   0.000630    3.18  0.000231  ( 0.011094  0.005198 -0.008985)
143:    852.65   0.000297    1.50  0.000109  ( 0.005328  0.001614 -0.008814)
144:    866.98   0.000463    2.34  0.000167  ( 0.003843  0.001397 -0.012239)
145:    873.18   0.000342    1.73  0.000122  (-0.008050  0.000271  0.007571)
146:    873.83   0.000509    2.57  0.000182  (-0.001455 -0.002904  0.013079)
147:    886.93   0.000220    1.11  0.000077  ( 0.006383  0.003404 -0.004999)
148:    893.05   0.000155    0.78  0.000054  (-0.003978 -0.006141 -0.000682)
149:    895.60   0.003400   17.18  0.001185  (-0.000928 -0.000884  0.034398)
150:    900.99   0.001152    5.82  0.000399  (-0.010128 -0.009902 -0.014079)
151:    908.40   0.000570    2.88  0.000196  (-0.001975 -0.011290  0.008035)
152:    917.36   0.000718    3.63  0.000244  (-0.012790  0.008792 -0.001832)
153:    919.98   0.012067   60.98  0.004093  (-0.055841  0.030484 -0.006757)
154:    931.93   0.000063    0.32  0.000021  (-0.004401 -0.000583 -0.001169)
155:    936.57   0.001633    8.26  0.000544  ( 0.010170  0.014316  0.015358)
156:    938.52   0.000449    2.27  0.000149  (-0.003260  0.003347  0.011288)
157:    938.64   0.000102    0.52  0.000034  ( 0.003192 -0.001977  0.004457)
158:    949.73   0.003961   20.02  0.001302  ( 0.010829  0.012186  0.032185)
159:    957.90   0.000754    3.81  0.000246  ( 0.013244 -0.008176 -0.001858)
160:    958.48   0.001599    8.08  0.000521  (-0.019031  0.009150 -0.008649)
161:    958.75   0.000720    3.64  0.000234  (-0.015044  0.002784  0.000542)
162:    965.05   0.014656   74.07  0.004739  (-0.020896 -0.031453 -0.057562)
163:    976.16   0.000636    3.21  0.000203  ( 0.010453  0.001176  0.009625)
164:    977.71   0.000655    3.31  0.000209  (-0.002460  0.011591  0.008286)
165:    979.58   0.000127    0.64  0.000040  (-0.004522 -0.000335  0.004449)
166:    986.27   0.001141    5.77  0.000361  (-0.001111 -0.009236 -0.016570)
167:    988.56   0.000163    0.82  0.000051  ( 0.002893  0.000842  0.006508)
168:    995.31   0.025631  129.53  0.008036  (-0.009316 -0.036896  0.081168)
169:    996.40   0.014670   74.14  0.004594  ( 0.010914  0.042057 -0.052024)
170:    997.76   0.000217    1.09  0.000068  (-0.004059  0.005179  0.004943)
171:   1002.14   0.001020    5.15  0.000318  ( 0.008664  0.015383  0.002422)
172:   1014.35   0.001305    6.59  0.000401  ( 0.010813  0.008241 -0.014717)
173:   1014.98   0.015615   78.91  0.004801  ( 0.037306  0.041993  0.040567)
174:   1016.33   0.000170    0.86  0.000052  (-0.006617 -0.002448 -0.001519)
175:   1019.25   0.003809   19.25  0.001166  ( 0.023351  0.011412  0.022153)
176:   1021.84   0.000858    4.34  0.000262  (-0.008961 -0.006636  0.011735)
177:   1023.69   0.000147    0.74  0.000045  ( 0.002932  0.001092  0.005917)
178:   1029.92   0.000477    2.41  0.000144  ( 0.011756  0.001254 -0.002147)
179:   1031.13   0.006131   30.98  0.001856  ( 0.039937  0.013745  0.008462)
180:   1033.58   0.007882   39.83  0.002380  ( 0.047426 -0.005845 -0.009818)
181:   1036.35   0.002460   12.43  0.000741  ( 0.027177  0.001420 -0.000409)
182:   1042.73   0.000682    3.45  0.000204  (-0.002933 -0.002632  0.013731)
183:   1043.29   0.003056   15.44  0.000914  (-0.029331 -0.006684  0.003008)
184:   1047.25   0.000148    0.75  0.000044  (-0.002807 -0.002678 -0.005401)
185:   1050.79   0.001097    5.54  0.000326  ( 0.002906  0.007289  0.016254)
186:   1051.66   0.002163   10.93  0.000642  ( 0.000489 -0.014862 -0.020510)
187:   1055.42   0.000514    2.60  0.000152  ( 0.011659  0.000628  0.003964)
188:   1055.73   0.001107    5.59  0.000327  ( 0.014904 -0.001970 -0.010057)
189:   1059.05   0.001122    5.67  0.000330  (-0.014388  0.009028  0.006478)
190:   1059.58   0.000326    1.65  0.000096  ( 0.007857 -0.003739 -0.004517)
191:   1063.86   0.008027   40.56  0.002354  ( 0.007117  0.024537  0.041253)
192:   1068.94   0.000914    4.62  0.000267  (-0.006611  0.013617  0.006133)
193:   1069.75   0.010769   54.42  0.003142  ( 0.032542 -0.032635 -0.031900)
194:   1072.99   0.003003   15.18  0.000874  (-0.001574  0.006154  0.028864)
195:   1080.39   0.001135    5.74  0.000328  (-0.001559  0.000167  0.018040)
196:   1095.50   0.000146    0.74  0.000042  (-0.001494 -0.002689  0.005663)
197:   1098.09   0.000915    4.63  0.000260  (-0.003029 -0.009253 -0.012859)
198:   1103.52   0.001450    7.33  0.000410  ( 0.019653 -0.004066  0.002705)
199:   1104.38   0.003518   17.78  0.000994  ( 0.007190 -0.020319 -0.023010)
200:   1106.92   0.002816   14.23  0.000794  ( 0.012666  0.011535  0.022373)
201:   1115.41   0.001265    6.39  0.000354  (-0.008389  0.010718  0.012988)
202:   1121.41   0.002887   14.59  0.000803  ( 0.011610  0.015456  0.020727)
203:   1122.94   0.000777    3.93  0.000216  ( 0.008619 -0.011347 -0.003589)
204:   1125.24   0.000107    0.54  0.000030  (-0.005294 -0.000131 -0.001224)
205:   1141.02   0.000525    2.65  0.000144  ( 0.010744  0.004462  0.002879)
206:   1147.51   0.015304   77.34  0.004162  (-0.064303 -0.002662  0.004462)
207:   1151.53   0.004907   24.80  0.001330  (-0.002659  0.010998  0.034665)
208:   1158.22   0.023690  119.72  0.006383  ( 0.072224 -0.007187 -0.033390)
209:   1169.16   0.006677   33.74  0.001782  (-0.041230 -0.004285  0.007989)
210:   1173.88   0.014045   70.98  0.003734  ( 0.026686 -0.021179 -0.050725)
211:   1183.41   0.000223    1.13  0.000059  ( 0.006043  0.000526 -0.004684)
212:   1188.23   0.001676    8.47  0.000440  ( 0.019029  0.007870 -0.004011)
213:   1189.01   0.002346   11.86  0.000616  ( 0.022180 -0.003368 -0.010605)
214:   1195.66   0.000276    1.39  0.000072  ( 0.006750  0.004788  0.001856)
215:   1200.85   0.001276    6.45  0.000332  (-0.007657  0.016018 -0.004038)
216:   1202.12   0.020608  104.15  0.005350  ( 0.014317 -0.033429 -0.063462)
217:   1212.56   0.005501   27.80  0.001416  (-0.008114  0.025900  0.026058)
218:   1212.85   0.002383   12.04  0.000613  ( 0.007937 -0.012577 -0.019797)
219:   1226.93   0.004428   22.38  0.001126  ( 0.025069 -0.004798 -0.021787)
220:   1228.08   0.000351    1.77  0.000089  ( 0.003244  0.008258  0.003243)
221:   1229.14   0.000072    0.37  0.000018  (-0.001047  0.002662  0.003192)
222:   1230.23   0.000943    4.77  0.000239  ( 0.000101  0.007656  0.013441)
223:   1234.40   0.000266    1.35  0.000067  ( 0.004120 -0.004492 -0.005497)
224:   1242.84   0.000748    3.78  0.000188  ( 0.001749 -0.011460  0.007317)
225:   1246.99   0.007294   36.86  0.001825  ( 0.010234  0.014902  0.038711)
226:   1248.19   0.004840   24.46  0.001210  ( 0.023417 -0.005802 -0.025062)
227:   1253.66   0.000847    4.28  0.000211  ( 0.012491  0.002395  0.007011)
228:   1256.47   0.014012   70.81  0.003480  ( 0.033692 -0.024142 -0.041978)
229:   1256.78   0.001977    9.99  0.000491  ( 0.003180 -0.016532 -0.014404)
230:   1259.06   0.002179   11.01  0.000540  (-0.010612 -0.017698 -0.010692)
231:   1260.83   0.036395  183.93  0.009008  (-0.029847  0.078239  0.044675)
232:   1261.83   0.000826    4.17  0.000204  ( 0.013490 -0.000733 -0.004653)
233:   1264.04   0.001515    7.65  0.000374  ( 0.014724  0.005563 -0.011232)
234:   1265.75   0.000843    4.26  0.000208  ( 0.009854 -0.010465 -0.001099)
235:   1266.76   0.000121    0.61  0.000030  (-0.000189  0.003801 -0.003919)
236:   1268.73   0.000956    4.83  0.000235  (-0.009632  0.011411 -0.003478)
237:   1273.36   0.000687    3.47  0.000168  ( 0.009112 -0.007444 -0.005469)
238:   1273.98   0.001168    5.90  0.000286  (-0.009319 -0.003215  0.013748)
239:   1279.95   0.000826    4.17  0.000201  (-0.006294 -0.004810  0.011773)
240:   1280.28   0.000329    1.66  0.000080  (-0.002265 -0.005445 -0.006738)
241:   1285.64   0.000097    0.49  0.000024  ( 0.000929 -0.004765 -0.000269)
242:   1287.32   0.001259    6.36  0.000305  ( 0.014860  0.004253 -0.008145)
243:   1289.26   0.000149    0.75  0.000036  (-0.005407 -0.002558  0.000440)
244:   1289.66   0.000628    3.17  0.000152  (-0.009623  0.004105  0.006514)
245:   1290.62   0.000839    4.24  0.000203  ( 0.002035 -0.012657 -0.006212)
246:   1292.74   0.000639    3.23  0.000154  ( 0.001279  0.007803 -0.009580)
247:   1294.47   0.000505    2.55  0.000122  (-0.010352 -0.003775  0.000635)
248:   1294.86   0.000684    3.46  0.000165  (-0.000233  0.000274 -0.012837)
249:   1296.50   0.003055   15.44  0.000735  ( 0.014761 -0.001722 -0.022683)
250:   1297.68   0.001378    6.96  0.000331  (-0.000284  0.017240 -0.005835)
251:   1304.75   0.001288    6.51  0.000308  ( 0.004437 -0.003592 -0.016598)
252:   1306.07   0.000483    2.44  0.000115  ( 0.001721 -0.010405  0.002042)
253:   1309.07   0.000810    4.09  0.000193  (-0.008626  0.005441 -0.009437)
254:   1310.98   0.000425    2.15  0.000101  (-0.003779  0.005630  0.007427)
255:   1316.09   0.000149    0.75  0.000035  (-0.005454  0.000367 -0.002326)
256:   1317.06   0.000207    1.05  0.000049  ( 0.005393 -0.004478  0.000140)
257:   1325.30   0.001053    5.32  0.000248  (-0.005986 -0.000087 -0.014561)
258:   1328.48   0.005289   26.73  0.001242  ( 0.032896 -0.005406 -0.011446)
259:   1333.16   0.000182    0.92  0.000043  ( 0.006285  0.001693 -0.000459)
260:   1334.94   0.003535   17.86  0.000826  (-0.012406 -0.003099  0.025745)
261:   1335.68   0.000790    3.99  0.000185  ( 0.007737 -0.006437 -0.009125)
262:   1336.60   0.001418    7.17  0.000331  ( 0.006314 -0.002816 -0.016831)
263:   1338.97   0.000428    2.16  0.000100  ( 0.003936 -0.007770 -0.004877)
264:   1346.95   0.003004   15.18  0.000696  (-0.010890 -0.014917  0.018837)
265:   1348.90   0.000510    2.58  0.000118  ( 0.004608 -0.009197  0.003478)
266:   1349.07   0.000650    3.29  0.000150  (-0.003764 -0.002727  0.011351)
267:   1350.18   0.000144    0.73  0.000033  ( 0.003661  0.002095 -0.003931)
268:   1353.05   0.000706    3.57  0.000163  ( 0.011800 -0.001166 -0.004718)
269:   1355.76   0.000905    4.58  0.000208  (-0.002549 -0.009668 -0.010413)
270:   1357.36   0.001936    9.79  0.000445  (-0.008307 -0.008768  0.017300)
271:   1360.88   0.000622    3.14  0.000143  ( 0.003157 -0.000292 -0.011517)
272:   1362.51   0.001930    9.75  0.000442  ( 0.010047 -0.001646 -0.018397)
273:   1362.71   0.001301    6.58  0.000298  ( 0.010875  0.002252 -0.013215)
274:   1364.23   0.001663    8.40  0.000380  ( 0.009438  0.000808  0.017050)
275:   1364.79   0.000673    3.40  0.000154  ( 0.005716  0.009261 -0.005953)
276:   1366.67   0.001226    6.20  0.000280  ( 0.015072  0.005242  0.005028)
277:   1373.76   0.000861    4.35  0.000196  (-0.011536  0.001381  0.007784)
278:   1376.43   0.002092   10.57  0.000474  ( 0.021000 -0.005410 -0.001979)
279:   1384.39   0.000220    1.11  0.000050  (-0.000575  0.004737 -0.005185)
280:   1390.11   0.003385   17.11  0.000760  ( 0.000371  0.002640  0.027436)
281:   1390.65   0.000952    4.81  0.000214  ( 0.001059  0.014111  0.003655)
282:   1394.35   0.000836    4.23  0.000187  ( 0.006322 -0.006539  0.010219)
283:   1394.45   0.002807   14.19  0.000628  (-0.004610 -0.021717  0.011632)
284:   1398.08   0.000274    1.38  0.000061  (-0.004192  0.000480  0.006582)
285:   1409.99   0.000823    4.16  0.000182  (-0.011046 -0.002610  0.007309)
286:   1411.36   0.000062    0.31  0.000014  (-0.001644  0.000489 -0.003276)
287:   1412.44   0.001231    6.22  0.000272  ( 0.012995  0.006382  0.007894)
288:   1413.48   0.000623    3.15  0.000138  ( 0.005739  0.006596 -0.007820)
289:   1414.27   0.000364    1.84  0.000080  (-0.002503  0.003712 -0.007758)
290:   1414.67   0.000204    1.03  0.000045  ( 0.002308 -0.000560 -0.006271)
291:   1417.54   0.000889    4.49  0.000196  ( 0.007249 -0.011948  0.000680)
292:   1417.63   0.000080    0.41  0.000018  (-0.001809  0.003563 -0.001321)
293:   1418.16   0.000422    2.13  0.000093  ( 0.005634 -0.001006 -0.007755)
294:   1418.69   0.000333    1.68  0.000073  ( 0.007192 -0.001101 -0.004502)
295:   1420.50   0.000973    4.91  0.000214  (-0.013761  0.004917  0.000346)
296:   1420.75   0.000291    1.47  0.000064  (-0.000166 -0.003581  0.007143)
297:   1422.40   0.000330    1.67  0.000073  ( 0.001451  0.007203 -0.004304)
298:   1423.28   0.000635    3.21  0.000139  ( 0.009092  0.005746  0.004860)
299:   1423.48   0.000025    0.13  0.000005  ( 0.000660 -0.001974  0.001070)
300:   1424.27   0.000176    0.89  0.000039  ( 0.004625  0.003340  0.002458)
301:   1424.64   0.000434    2.19  0.000095  ( 0.001876 -0.000585 -0.009546)
302:   1426.28   0.000979    4.95  0.000214  ( 0.013678  0.003227  0.004098)
303:   1426.83   0.000148    0.75  0.000032  ( 0.001894 -0.000074  0.005364)
304:   1426.91   0.000692    3.50  0.000151  (-0.010510 -0.002991 -0.005652)
305:   1427.90   0.000316    1.59  0.000069  (-0.007145  0.004144  0.000860)
306:   1427.93   0.000252    1.27  0.000055  (-0.004368  0.005825  0.001413)
307:   1428.95   0.000840    4.25  0.000183  ( 0.000183  0.000554 -0.013533)
308:   1430.44   0.001239    6.26  0.000270  ( 0.007410 -0.012827  0.007128)
309:   1431.20   0.000510    2.58  0.000111  ( 0.003780 -0.008457 -0.005045)
310:   1433.09   0.000620    3.13  0.000135  ( 0.010684  0.004349 -0.001365)
311:   1434.15   0.002541   12.84  0.000553  (-0.005371  0.001737 -0.022828)
312:   1436.00   0.000933    4.72  0.000203  ( 0.004078 -0.009714  0.009583)
313:   1437.74   0.000322    1.63  0.000070  ( 0.004325 -0.005998 -0.003890)
314:   1438.20   0.000262    1.32  0.000057  (-0.007020  0.000489  0.002707)
315:   1440.53   0.000312    1.58  0.000068  ( 0.001585 -0.007629  0.002616)
316:   1440.71   0.000670    3.39  0.000145  (-0.004195  0.002099 -0.011094)
317:   1442.14   0.000266    1.35  0.000058  (-0.003862  0.004760  0.004479)
318:   1443.83   0.000265    1.34  0.000057  (-0.005471  0.002794  0.004427)
319:   1443.85   0.000557    2.81  0.000120  ( 0.009023  0.005611  0.002735)
320:   1446.07   0.003772   19.06  0.000814  (-0.019986  0.018472 -0.008559)
321:   1447.16   0.000880    4.45  0.000190  ( 0.010470 -0.007955 -0.004112)
322:   1447.31   0.001267    6.40  0.000273  (-0.003134 -0.012734  0.010062)
323:   1449.18   0.002273   11.49  0.000489  ( 0.000314  0.021879 -0.003266)
324:   1466.19   0.001713    8.66  0.000365  ( 0.004241  0.007092  0.017213)
325:   1481.10   0.006101   30.83  0.001285  (-0.012396 -0.026889  0.020218)
326:   1660.26   0.000220    1.11  0.000041  ( 0.004856  0.002038  0.003702)
327:   1672.30   0.000318    1.61  0.000059  (-0.007544 -0.001271  0.000934)
328:   1713.12   0.035029  177.02  0.006381  ( 0.041359 -0.057350  0.037166)
329:   1760.96   0.033905  171.34  0.006008  (-0.037385  0.035825 -0.057683)
330:   2880.75   0.004184   21.15  0.000453  ( 0.011714  0.012948 -0.012183)
331:   2886.53   0.006538   33.04  0.000707  (-0.015585 -0.007024  0.020360)
332:   2899.32   0.000628    3.17  0.000068  ( 0.002080 -0.006480 -0.004613)
333:   2901.36   0.002531   12.79  0.000272  ( 0.016394 -0.001599 -0.000940)
334:   2901.53   0.001952    9.86  0.000210  (-0.002269 -0.013569  0.004546)
335:   2904.05   0.003815   19.28  0.000410  (-0.010830  0.015339  0.007575)
336:   2904.87   0.001646    8.32  0.000177  ( 0.006917  0.007372  0.008636)
337:   2906.76   0.008006   40.46  0.000859  ( 0.026230 -0.009017  0.009495)
338:   2906.95   0.002429   12.28  0.000261  ( 0.009854  0.011845  0.004836)
339:   2907.90   0.004019   20.31  0.000431  ( 0.010430  0.000496 -0.017951)
340:   2908.38   0.002609   13.19  0.000280  ( 0.000310  0.009558 -0.013730)
341:   2908.87   0.001711    8.65  0.000184  (-0.002054  0.003089 -0.013031)
342:   2909.17   0.005003   25.28  0.000537  ( 0.006959  0.018114 -0.012653)
343:   2910.65   0.002086   10.54  0.000224  ( 0.003667 -0.011721  0.008531)
344:   2913.71   0.008396   42.43  0.000899  ( 0.009097  0.026830  0.009830)
345:   2916.05   0.003959   20.01  0.000424  ( 0.019836 -0.002034  0.005108)
346:   2916.18   0.006991   35.33  0.000748  ( 0.024034 -0.006828 -0.011128)
347:   2917.57   0.013312   67.27  0.001424  (-0.036291  0.001168 -0.010270)
348:   2918.61   0.002528   12.78  0.000270  (-0.011884  0.010477  0.004395)
349:   2918.96   0.005301   26.79  0.000567  ( 0.012623  0.019665 -0.004549)
350:   2920.06   0.002610   13.19  0.000279  (-0.005587 -0.008750 -0.013083)
351:   2920.72   0.007061   35.68  0.000754  ( 0.018706 -0.018638 -0.007561)
352:   2923.40   0.007490   37.85  0.000800  ( 0.003504  0.018135  0.021409)
353:   2923.56   0.011798   59.62  0.001259  ( 0.019375 -0.010867  0.027673)
354:   2924.20   0.004983   25.18  0.000532  ( 0.003632  0.018822 -0.012818)
355:   2925.24   0.009147   46.23  0.000976  ( 0.017147 -0.026049  0.001806)
356:   2926.27   0.006216   31.42  0.000663  ( 0.012013  0.014669  0.017419)
357:   2927.60   0.004015   20.29  0.000428  ( 0.011389  0.013750 -0.010450)
358:   2929.26   0.005118   25.86  0.000545  (-0.006971  0.021505 -0.005845)
359:   2931.67   0.004745   23.98  0.000505  ( 0.017607 -0.006348 -0.012440)
360:   2934.12   0.001934    9.78  0.000206  ( 0.000434 -0.006103 -0.012973)
361:   2935.30   0.005646   28.53  0.000600  (-0.011296  0.018375 -0.011618)
362:   2939.21   0.003950   19.96  0.000419  (-0.014819 -0.013780  0.003148)
363:   2940.43   0.000417    2.11  0.000044  ( 0.003541  0.000073  0.005628)
364:   2940.67   0.008063   40.74  0.000856  (-0.021650  0.012968  0.014788)
365:   2940.76   0.034355  173.61  0.003646  ( 0.040078 -0.042081  0.016388)
366:   2941.29   0.009930   50.18  0.001054  (-0.015174  0.015768 -0.023973)
367:   2945.65   0.000334    1.69  0.000035  ( 0.002682 -0.000628  0.005270)
368:   2950.03   0.002548   12.88  0.000270  (-0.010169  0.012222  0.004089)
369:   2950.52   0.001313    6.64  0.000139  ( 0.006358 -0.009916 -0.000358)
370:   2950.61   0.003318   16.77  0.000351  (-0.017395  0.000879 -0.006893)
371:   2950.99   0.005606   28.33  0.000593  (-0.022890  0.008284 -0.000483)
372:   2952.32   0.008857   44.76  0.000936  ( 0.025637  0.016463 -0.002812)
373:   2952.60   0.004237   21.41  0.000448  ( 0.020174  0.005818  0.002634)
374:   2952.87   0.002778   14.04  0.000294  (-0.005852 -0.014343 -0.007324)
375:   2953.28   0.002775   14.02  0.000293  ( 0.007972  0.008711 -0.012401)
376:   2953.71   0.002985   15.09  0.000315  (-0.001527  0.008406 -0.015570)
377:   2954.67   0.003064   15.48  0.000324  (-0.012104 -0.013201 -0.001675)
378:   2960.67   0.001058    5.35  0.000112  ( 0.007036 -0.007701 -0.001656)
379:   2964.96   0.001211    6.12  0.000127  (-0.001630 -0.009350 -0.006115)
380:   2965.92   0.006669   33.70  0.000702  (-0.005609 -0.001932 -0.025816)
381:   2966.78   0.005205   26.30  0.000547  ( 0.004258 -0.009571  0.020922)
382:   2967.76   0.004603   23.26  0.000484  (-0.018186  0.011400 -0.004830)
383:   2968.27   0.005260   26.58  0.000553  ( 0.014529 -0.008715 -0.016309)
384:   2972.44   0.004329   21.88  0.000455  (-0.003494  0.008994  0.019011)
385:   2972.76   0.006642   33.57  0.000697  (-0.009798  0.013640 -0.020376)
386:   2973.79   0.008748   44.21  0.000918  (-0.028743  0.007666 -0.005753)
387:   2975.78   0.007435   37.58  0.000780  ( 0.011563  0.005254  0.024868)
388:   2978.26   0.011937   60.32  0.001251  (-0.030033 -0.016180  0.009324)
389:   2982.82   0.011702   59.14  0.001224  (-0.003159 -0.029827 -0.018018)
390:   2983.66   0.009986   50.47  0.001044  ( 0.024546 -0.019561  0.007704)
391:   2984.80   0.004288   21.67  0.000448  (-0.014787 -0.001596 -0.015069)
392:   2988.42   0.016501   83.39  0.001723  (-0.001297  0.038891  0.014454)
393:   2990.50   0.000941    4.76  0.000098  ( 0.001491  0.004734  0.008577)
394:   2990.79   0.005429   27.43  0.000566  ( 0.000194 -0.022755 -0.006974)
395:   2993.84   0.012650   63.93  0.001319  ( 0.000619  0.009829 -0.034951)
396:   2998.37   0.005556   28.08  0.000578  (-0.019364 -0.014166 -0.001614)
397:   3001.50   0.000942    4.76  0.000098  ( 0.003588  0.008841 -0.002634)
398:   3005.73   0.001505    7.61  0.000156  ( 0.001714  0.012127  0.002508)
399:   3008.38   0.002441   12.34  0.000253  (-0.003364 -0.002205 -0.015396)
400:   3010.99   0.002844   14.37  0.000295  (-0.003691  0.000974 -0.016740)
401:   3012.92   0.002369   11.97  0.000245  (-0.005441  0.014594 -0.001679)
402:   3015.96   0.000913    4.61  0.000094  (-0.001699  0.004393  0.008502)
403:   3027.29   0.007908   39.96  0.000815  ( 0.025855 -0.002217  0.011907)
404:   3028.29   0.000857    4.33  0.000088  ( 0.008185  0.003619 -0.002868)
405:   3030.10   0.001057    5.34  0.000109  (-0.008387  0.004661 -0.004102)
406:   3032.29   0.002405   12.15  0.000248  (-0.012373  0.001132 -0.009652)
407:   3033.65   0.000870    4.39  0.000089  (-0.007543  0.001711  0.005443)
408:   3039.48   0.004464   22.56  0.000458  ( 0.002757  0.017159  0.012503)
409:   3044.81   0.017107   86.45  0.001753  (-0.037366  0.018651 -0.003044)
410:   3066.18   0.000737    3.72  0.000075  (-0.000512 -0.001982 -0.008414)
411:   3067.56   0.001042    5.27  0.000106  (-0.009629  0.003638  0.000276)
412:   3072.25   0.001653    8.36  0.000168  ( 0.004222 -0.011267  0.004813)
413:   3078.31   0.002980   15.06  0.000302  (-0.006834  0.014853 -0.005899)
