  6:      9.22   0.000015    0.07  0.000500  (-0.016352  0.003014  0.014963)
  7:     12.15   0.000131    0.66  0.003375  ( 0.046013 -0.007178  0.034737)
  8:     13.61   0.000170    0.86  0.003888  ( 0.055398 -0.012331 -0.025825)
  9:     15.40   0.000083    0.42  0.001683  (-0.033382  0.001561  0.023791)
 10:     16.85   0.000052    0.26  0.000970  (-0.015886  0.000295 -0.026789)
 11:     22.10   0.000143    0.72  0.002016  (-0.031732  0.020688 -0.024111)
 12:     25.15   0.000229    1.16  0.002847  (-0.052109  0.008190 -0.008030)
 13:     28.00   0.000147    0.74  0.001635  (-0.038356  0.008939  0.009148)
 14:     31.07   0.000083    0.42  0.000832  (-0.011955  0.019539  0.017520)
 15:     32.70   0.000233    1.18  0.002221  (-0.018764  0.004689 -0.042981)
 16:     34.31   0.000190    0.96  0.001729  ( 0.019354 -0.012131  0.034740)
 17:     36.55   0.000060    0.30  0.000511  ( 0.016009 -0.007616  0.014030)
 18:     39.11   0.000159    0.80  0.001266  (-0.023095  0.012525  0.024005)
 19:     41.48   0.000045    0.23  0.000340  (-0.003446  0.006280 -0.016982)
 20:     42.66   0.000221    1.12  0.001619  ( 0.033689 -0.019585 -0.010035)
 21:     48.67   0.000017    0.09  0.000109  (-0.008269  0.004819  0.004133)
 22:     50.83   0.000056    0.28  0.000344  ( 0.014817 -0.004511 -0.010210)
 23:     53.60   0.000110    0.56  0.000643  ( 0.017717 -0.012524  0.013121)
 24:     57.42   0.000199    1.01  0.001083  (-0.019515  0.011022 -0.024094)
 25:     60.15   0.000048    0.24  0.000248  (-0.009858  0.003447 -0.011770)
 26:     65.09   0.000028    0.14  0.000134  (-0.003958 -0.007462  0.007943)
 27:     66.69   0.000299    1.51  0.001398  (-0.010178  0.006329 -0.035424)
 28:     75.56   0.000251    1.27  0.001038  (-0.021226 -0.023335  0.006589)
 29:     77.16   0.000089    0.45  0.000361  ( 0.005115  0.002899  0.018054)
 30:     85.30   0.000648    3.28  0.002373  ( 0.018341  0.009910 -0.044022)
 31:     88.27   0.000095    0.48  0.000335  (-0.007099  0.007771  0.014967)
 32:     93.44   0.000054    0.27  0.000179  ( 0.000903 -0.003260  0.012949)
 33:     96.99   0.000167    0.84  0.000537  (-0.014438  0.008860  0.015821)
 34:    100.70   0.000296    1.50  0.000918  ( 0.029216  0.003881 -0.007007)
 35:    108.42   0.000408    2.06  0.001174  (-0.024157  0.014648 -0.019398)
 36:    113.72   0.000026    0.13  0.000071  ( 0.002175  0.005290 -0.006210)
 37:    114.88   0.000081    0.41  0.000220  (-0.005886 -0.010984  0.008017)
 38:    121.01   0.000481    2.43  0.001241  ( 0.001175  0.030506 -0.017588)
 39:    122.66   0.000192    0.97  0.000488  ( 0.004632 -0.018821  0.010594)
 40:    124.94   0.000062    0.31  0.000155  ( 0.001529 -0.004850  0.011361)
 41:    126.42   0.000616    3.11  0.001520  ( 0.000156  0.019415 -0.033812)
 42:    129.42   0.000168    0.85  0.000405  (-0.000278 -0.001406 -0.020067)
 43:    134.01   0.000654    3.30  0.001523  (-0.002182 -0.036980  0.012270)
 44:    137.75   0.000599    3.03  0.001358  ( 0.001149  0.031462  0.019140)
 45:    143.36   0.000092    0.46  0.000200  (-0.003471  0.009636  0.009742)
 46:    148.55   0.000908    4.59  0.001907  (-0.001806  0.020897 -0.038296)
 47:    150.86   0.000167    0.84  0.000345  (-0.002826  0.011348  0.014437)
 48:    153.75   0.000500    2.52  0.001014  (-0.001185  0.024505  0.020303)
 49:    154.87   0.000349    1.76  0.000704  ( 0.001472  0.011789  0.023717)
 50:    161.44   0.000160    0.81  0.000309  ( 0.000008  0.016775  0.005278)
 51:    166.38   0.000532    2.69  0.000999  ( 0.000097 -0.030841  0.006893)
 52:    181.18   0.000143    0.72  0.000246  ( 0.008149  0.003855 -0.012819)
 53:    182.84   0.001367    6.91  0.002333  ( 0.000850  0.042424 -0.023078)
 54:    191.50   0.000272    1.37  0.000443  (-0.013605 -0.013340  0.008950)
 55:    194.15   0.000158    0.80  0.000253  (-0.006786  0.007748 -0.012131)
 56:    204.21   0.000250    1.26  0.000382  (-0.012962 -0.011561  0.008968)
 57:    212.58   0.000033    0.17  0.000048  ( 0.003398 -0.001351  0.005899)
 58:    222.28   0.000182    0.92  0.000256  (-0.005640 -0.013366  0.006721)
 59:    226.75   0.001975    9.98  0.002718  (-0.019754 -0.045904  0.014865)
 60:    232.67   0.000097    0.49  0.000130  (-0.006787 -0.008078  0.004362)
 61:    239.64   0.000030    0.15  0.000038  ( 0.004564 -0.003613 -0.002140)
 62:    240.16   0.000105    0.53  0.000137  (-0.002216  0.011107  0.002913)
 63:    248.61   0.000011    0.06  0.000014  ( 0.001349  0.000880 -0.003414)
 64:    254.00   0.000051    0.26  0.000063  (-0.003626 -0.006524  0.002718)
 65:    262.83   0.000019    0.10  0.000023  (-0.003097  0.001222 -0.003466)
 66:    266.00   0.000211    1.07  0.000247  (-0.000480 -0.015575  0.002136)
 67:    267.44   0.000157    0.79  0.000183  (-0.008562 -0.009044 -0.005247)
 68:    278.07   0.001401    7.08  0.001572  ( 0.008633 -0.038642 -0.001984)
 69:    282.41   0.000173    0.87  0.000191  (-0.006923 -0.010743  0.005237)
 70:    289.58   0.000410    2.07  0.000442  ( 0.013279  0.015659  0.004477)
 71:    296.52   0.000157    0.79  0.000165  ( 0.012708  0.001297 -0.001396)
 72:    300.77   0.000439    2.22  0.000456  ( 0.002431 -0.021140  0.001673)
 73:    303.45   0.000246    1.24  0.000253  ( 0.014751 -0.004902  0.003381)
 74:    308.65   0.000173    0.87  0.000175  ( 0.009906  0.007025  0.005228)
 75:    309.76   0.000404    2.04  0.000407  ( 0.018516  0.005063  0.006244)
 76:    313.02   0.000579    2.93  0.000577  ( 0.018642  0.012820  0.008093)
 77:    323.07   0.000174    0.88  0.000168  (-0.006341 -0.011029  0.002485)
 78:    335.27   0.000471    2.38  0.000438  (-0.002484  0.011633 -0.017224)
 79:    345.36   0.000012    0.06  0.000011  ( 0.001913 -0.001052 -0.002409)
 80:    354.54   0.000797    4.03  0.000701  ( 0.001344 -0.016782  0.020439)
 81:    357.54   0.000057    0.29  0.000050  ( 0.001844  0.000912 -0.006749)
 82:    367.79   0.000538    2.72  0.000457  (-0.000376 -0.016036  0.014124)
 83:    375.16   0.000071    0.36  0.000059  ( 0.002562  0.006963  0.001916)
 84:    381.15   0.003775   19.08  0.003091  (-0.001179  0.052277 -0.018877)
 85:    382.14   0.000156    0.79  0.000127  ( 0.001066 -0.008580  0.007249)
 86:    386.81   0.001270    6.42  0.001025  ( 0.018988 -0.024490 -0.008033)
 87:    388.72   0.000598    3.02  0.000480  ( 0.003950  0.007377 -0.020245)
 88:    394.55   0.000008    0.04  0.000006  (-0.001370  0.001032  0.001821)
 89:    410.15   0.000057    0.29  0.000043  (-0.003565  0.005261  0.001668)
 90:    414.44   0.000198    1.00  0.000149  (-0.004379 -0.010034  0.005437)
 91:    419.04   0.003667   18.53  0.002731  ( 0.017894  0.020336 -0.044690)
 92:    424.55   0.001393    7.04  0.001024  (-0.015361  0.008069  0.026883)
 93:    426.47   0.000418    2.11  0.000306  (-0.005513  0.005446  0.015688)
 94:    446.27   0.001376    6.95  0.000962  ( 0.013609  0.008303 -0.026607)
 95:    454.64   0.000915    4.63  0.000628  (-0.002421 -0.022459  0.010863)
 96:    469.83   0.000226    1.14  0.000150  ( 0.012223  0.000488 -0.000713)
 97:    477.41   0.000188    0.95  0.000123  (-0.001881  0.010851 -0.001238)
 98:    482.60   0.002526   12.77  0.001633  ( 0.020485  0.034572 -0.004323)
 99:    491.70   0.000591    2.98  0.000375  ( 0.009218  0.000588  0.017016)
100:    493.37   0.000872    4.40  0.000551  (-0.010094 -0.002524 -0.021047)
101:    498.63   0.000055    0.28  0.000035  (-0.005136 -0.000952  0.002703)
102:    507.97   0.000933    4.71  0.000573  ( 0.014598  0.011647  0.014978)
103:    511.10   0.000097    0.49  0.000059  ( 0.007286 -0.002288 -0.000796)
104:    532.68   0.000923    4.66  0.000541  (-0.010967  0.004660  0.019966)
105:    552.45   0.000223    1.13  0.000126  ( 0.007853 -0.007245 -0.003430)
106:    553.33   0.017788   89.89  0.010032  ( 0.003812  0.094122  0.034033)
107:    571.39   0.002365   11.95  0.001292  ( 0.001860 -0.011899  0.033865)
108:    583.85   0.000929    4.69  0.000496  (-0.013413  0.001237  0.017745)
109:    591.05   0.003792   19.16  0.002002  ( 0.013110 -0.026251  0.033778)
110:    596.51   0.000844    4.26  0.000441  (-0.012596  0.009833  0.013638)
111:    602.62   0.023590  119.22  0.012216  ( 0.015287 -0.058847 -0.092301)
112:    637.15   0.006833   34.53  0.003347  ( 0.002328 -0.035584  0.045552)
113:    647.35   0.001657    8.37  0.000799  (-0.005345  0.021829 -0.017139)
114:    665.60   0.003938   19.90  0.001846  (-0.008678  0.036473 -0.020989)
115:    708.15   0.001792    9.06  0.000790  (-0.026884  0.003053 -0.007598)
116:    709.31   0.019695   99.53  0.008665  (-0.040121 -0.080538  0.023853)
117:    720.11   0.017173   86.78  0.007442  ( 0.035517  0.077405 -0.013741)
118:    724.20   0.005391   27.24  0.002323  ( 0.036004 -0.030582  0.009556)
119:    724.73   0.000227    1.15  0.000098  ( 0.007185 -0.002287  0.006397)
120:    728.77   0.000772    3.90  0.000331  (-0.006224  0.013569  0.010380)
121:    733.09   0.002319   11.72  0.000987  (-0.005747  0.009556 -0.029375)
122:    740.23   0.000769    3.89  0.000324  ( 0.008149 -0.006896  0.014502)
123:    740.62   0.000358    1.81  0.000151  (-0.009321 -0.003825 -0.007015)
124:    741.30   0.003605   18.22  0.001518  ( 0.018081  0.022835  0.025871)
125:    744.31   0.001409    7.12  0.000591  (-0.012763 -0.006065 -0.019770)
126:    745.64   0.000228    1.15  0.000095  (-0.004674 -0.003244 -0.007930)
127:    761.42   0.000551    2.79  0.000226  ( 0.014640  0.003272  0.000936)
128:    771.77   0.000446    2.26  0.000180  ( 0.000003  0.010851 -0.007918)
129:    774.44   0.000051    0.26  0.000021  (-0.000776 -0.003418 -0.002877)
130:    779.46   0.000340    1.72  0.000136  ( 0.008588  0.002700 -0.007414)
131:    791.96   0.007069   35.73  0.002786  ( 0.012861 -0.035558  0.036822)
132:    792.55   0.001239    6.26  0.000488  (-0.018542 -0.010144  0.006424)
133:    802.06   0.001062    5.37  0.000413  (-0.018654  0.007880 -0.001803)
134:    806.15   0.000300    1.52  0.000116  ( 0.007386 -0.007334  0.002807)
135:    815.49   0.002362   11.94  0.000904  ( 0.024220  0.001393 -0.017756)
136:    822.63   0.000055    0.28  0.000021  (-0.004161 -0.001847  0.000130)
137:    827.46   0.003111   15.72  0.001173  (-0.030322 -0.013178  0.008961)
138:    838.35   0.000652    3.30  0.000243  (-0.013159 -0.008179 -0.001652)
139:    842.22   0.000620    3.13  0.000230  (-0.003070  0.007133  0.013015)
140:    844.05   0.001000    5.06  0.000370  ( 0.017403  0.000332  0.008179)
141:    861.74   0.000332    1.68  0.000120  ( 0.006509 -0.005382 -0.006992)
142:    865.75   0.000600    3.03  0.000216  (-0.008650  0.010304 -0.005947)
143:    869.93   0.000167    0.84  0.000060  ( 0.002265 -0.000542 -0.007383)
144:    879.51   0.000169    0.85  0.000060  (-0.005470  0.004135 -0.003581)
145:    882.97   0.004246   21.46  0.001501  ( 0.020163  0.006543 -0.032421)
146:    883.49   0.002104   10.63  0.000743  ( 0.017470  0.020233 -0.005350)
147:    885.52   0.000016    0.08  0.000006  (-0.000185 -0.001745 -0.001593)
148:    896.08   0.000139    0.70  0.000048  ( 0.003788 -0.004688 -0.003487)
149:    898.70   0.000267    1.35  0.000093  (-0.005544  0.001506 -0.007727)
150:    902.30   0.000758    3.83  0.000262  ( 0.002392  0.014489 -0.006808)
151:    903.09   0.000789    3.99  0.000273  ( 0.011987 -0.002670 -0.011034)
152:    914.02   0.006834   34.54  0.002333  (-0.000588 -0.048300 -0.000214)
153:    923.05   0.001026    5.19  0.000347  ( 0.001176 -0.017706  0.005655)
154:    923.56   0.001241    6.27  0.000419  (-0.005361  0.014857  0.013031)
155:    932.80   0.000229    1.16  0.000077  ( 0.008130 -0.002102 -0.002450)
156:    939.08   0.003767   19.03  0.001252  (-0.020936 -0.028499 -0.001062)
157:    941.44   0.000168    0.85  0.000056  ( 0.004390 -0.005857 -0.001422)
158:    960.34   0.001654    8.36  0.000538  ( 0.013352 -0.016117 -0.009979)
159:    961.25   0.000813    4.11  0.000264  (-0.005652  0.013702 -0.006661)
160:    963.30   0.026909  135.99  0.008717  (-0.029526  0.037139 -0.080413)
161:    969.53   0.001071    5.41  0.000345  ( 0.006848 -0.002983 -0.016994)
162:    972.67   0.000609    3.08  0.000195  ( 0.006739 -0.009862  0.007254)
163:    979.28   0.000387    1.95  0.000123  (-0.009192  0.004638 -0.004155)
164:    979.97   0.000966    4.88  0.000308  (-0.006605  0.006366 -0.014949)
165:    982.48   0.000388    1.96  0.000123  (-0.002064  0.001308 -0.010836)
166:    984.15   0.000223    1.13  0.000071  (-0.000662  0.002946 -0.007849)
167:    988.78   0.000300    1.52  0.000095  (-0.001129 -0.000173 -0.009666)
168:    994.37   0.004365   22.06  0.001370  (-0.004614  0.021438 -0.029814)
169:    997.14   0.000242    1.22  0.000076  ( 0.002088 -0.003252 -0.007800)
170:   1002.16   0.000214    1.08  0.000067  ( 0.008124 -0.000222  0.000851)
171:   1004.98   0.000941    4.75  0.000292  (-0.010044  0.002825  0.013535)
172:   1008.28   0.000145    0.73  0.000045  (-0.005535  0.002062  0.003171)
173:   1015.27   0.049343  249.36  0.015166  (-0.033835 -0.046574  0.108870)
174:   1016.20   0.001500    7.58  0.000461  ( 0.013785  0.003893 -0.015983)
175:   1019.19   0.000142    0.72  0.000044  (-0.000773 -0.000618 -0.006530)
176:   1022.97   0.012194   61.63  0.003720  ( 0.029375  0.043385 -0.031222)
177:   1025.04   0.000197    1.00  0.000060  ( 0.000293 -0.006448  0.004284)
178:   1026.38   0.000171    0.86  0.000052  ( 0.002442  0.005610 -0.003821)
179:   1028.36   0.008335   42.12  0.002529  ( 0.002902  0.049174 -0.010138)
180:   1030.83   0.000070    0.36  0.000021  ( 0.000451 -0.000748 -0.004531)
181:   1034.45   0.000053    0.27  0.000016  ( 0.001704  0.001769  0.003172)
182:   1036.00   0.007769   39.26  0.002340  (-0.031749  0.024408  0.027137)
183:   1042.56   0.000690    3.49  0.000206  ( 0.007144 -0.005584  0.011145)
184:   1044.83   0.000394    1.99  0.000118  ( 0.006060 -0.006861 -0.005825)
185:   1047.21   0.000086    0.44  0.000026  ( 0.002044 -0.003074 -0.003476)
186:   1051.54   0.015024   75.93  0.004459  ( 0.005334  0.064807 -0.015174)
187:   1053.83   0.002829   14.30  0.000838  ( 0.004407 -0.028555  0.001721)
188:   1056.07   0.000251    1.27  0.000074  ( 0.005581 -0.006324  0.001709)
189:   1058.04   0.001260    6.37  0.000372  ( 0.016151  0.004783  0.009376)
190:   1059.55   0.005078   25.66  0.001496  ( 0.028881  0.008471  0.024285)
191:   1065.29   0.002575   13.01  0.000754  (-0.003334  0.027248  0.000858)
192:   1068.57   0.004243   21.44  0.001239  (-0.014467  0.032017  0.002158)
193:   1071.55   0.004341   21.94  0.001264  ( 0.016417  0.020467  0.023998)
194:   1074.98   0.006968   35.22  0.002023  ( 0.040178  0.020068  0.002427)
195:   1077.99   0.003266   16.51  0.000946  (-0.009977  0.027035  0.010727)
196:   1090.51   0.010340   52.25  0.002959  ( 0.036700  0.010053  0.038869)
197:   1099.23   0.000066    0.33  0.000019  ( 0.002989 -0.003025  0.000719)
198:   1103.13   0.000108    0.55  0.000031  (-0.004541 -0.001502 -0.002790)
199:   1105.35   0.000479    2.42  0.000135  (-0.007614 -0.006518  0.005892)
200:   1107.75   0.002004   10.13  0.000565  (-0.000546  0.018614  0.014758)
201:   1115.25   0.002500   12.64  0.000700  (-0.014240 -0.019514 -0.010773)
202:   1121.12   0.005176   26.16  0.001441  (-0.004327  0.028738  0.024418)
203:   1123.97   0.000169    0.85  0.000047  ( 0.000100  0.006766 -0.001058)
204:   1130.01   0.001214    6.14  0.000335  ( 0.010923 -0.004565  0.013971)
205:   1142.26   0.001774    8.97  0.000485  ( 0.002505 -0.021600 -0.003448)
206:   1150.16   0.003163   15.98  0.000858  (-0.023162  0.001511 -0.017872)
207:   1164.49   0.003440   17.39  0.000922  (-0.017753  0.020819 -0.013166)
208:   1166.08   0.005696   28.79  0.001524  ( 0.030067  0.003424  0.024671)
209:   1180.39   0.000276    1.39  0.000073  (-0.002261  0.005451 -0.006176)
210:   1190.53   0.024351  123.06  0.006383  ( 0.053893 -0.017885  0.056201)
211:   1193.22   0.008635   43.64  0.002258  (-0.033465  0.002697 -0.033633)
212:   1194.86   0.000608    3.07  0.000159  ( 0.004898 -0.003317  0.011129)
213:   1196.98   0.003414   17.25  0.000890  ( 0.014036  0.015661  0.021161)
214:   1207.00   0.010716   54.15  0.002770  ( 0.025498 -0.029969  0.034959)
215:   1207.09   0.014172   71.62  0.003664  ( 0.028502 -0.040595  0.034691)
216:   1210.52   0.005982   30.23  0.001542  ( 0.029781 -0.021876 -0.013290)
217:   1212.58   0.018399   92.98  0.004735  ( 0.035410 -0.036926  0.046018)
218:   1215.75   0.027451  138.72  0.007046  (-0.015659  0.059970  0.056608)
219:   1220.17   0.002537   12.82  0.000649  ( 0.011955  0.010719  0.019775)
220:   1225.29   0.001697    8.58  0.000432  (-0.007486 -0.010351 -0.016401)
221:   1229.39   0.014206   71.79  0.003606  (-0.007199  0.031467  0.050635)
222:   1234.95   0.000462    2.34  0.000117  (-0.009997  0.000217 -0.004107)
223:   1235.98   0.000310    1.56  0.000078  ( 0.003089  0.007598  0.003304)
224:   1240.52   0.000146    0.74  0.000037  (-0.001697 -0.000615  0.005786)
225:   1246.56   0.000699    3.53  0.000175  ( 0.002777  0.007188  0.010749)
226:   1247.73   0.000790    3.99  0.000198  (-0.005219  0.012968 -0.001510)
227:   1248.81   0.001048    5.30  0.000262  (-0.005224  0.005818  0.014170)
228:   1251.64   0.000703    3.55  0.000175  (-0.008884  0.009557  0.002253)
229:   1254.64   0.000166    0.84  0.000041  ( 0.001760 -0.001336 -0.006038)
230:   1258.58   0.001121    5.66  0.000278  (-0.014166  0.007800  0.004042)
231:   1259.30   0.000472    2.38  0.000117  (-0.002048 -0.009744 -0.004214)
232:   1261.98   0.000845    4.27  0.000209  ( 0.011344 -0.008168  0.003674)
233:   1263.03   0.003329   16.82  0.000823  ( 0.009554  0.008086  0.025805)
234:   1264.62   0.000615    3.11  0.000152  ( 0.007924 -0.004473  0.008303)
235:   1268.32   0.003028   15.30  0.000745  (-0.023997 -0.003347  0.012565)
236:   1272.11   0.001239    6.26  0.000304  (-0.003044  0.015968  0.006296)
237:   1273.48   0.000106    0.54  0.000026  ( 0.001663 -0.002261 -0.004256)
238:   1278.10   0.000295    1.49  0.000072  ( 0.001258  0.004869  0.006832)
239:   1279.13   0.000554    2.80  0.000135  ( 0.002957 -0.007457 -0.008418)
240:   1282.96   0.000109    0.55  0.000027  ( 0.003608  0.000534 -0.003637)
241:   1284.48   0.000168    0.85  0.000041  (-0.001856 -0.001274 -0.005978)
242:   1285.27   0.000257    1.30  0.000062  ( 0.000710  0.006194  0.004860)
243:   1285.45   0.000126    0.64  0.000031  ( 0.002281  0.003179  0.003920)
244:   1286.26   0.000063    0.32  0.000015  (-0.003681 -0.000401 -0.001245)
245:   1288.70   0.000067    0.34  0.000016  (-0.002085 -0.000781  0.003360)
246:   1289.75   0.001538    7.77  0.000372  ( 0.000089  0.019290  0.000325)
247:   1290.47   0.000902    4.56  0.000218  (-0.003836 -0.002483 -0.014047)
248:   1291.45   0.003354   16.95  0.000811  ( 0.002939 -0.022845 -0.016734)
249:   1294.79   0.000391    1.98  0.000094  (-0.005486  0.006241 -0.005024)
250:   1295.53   0.000952    4.81  0.000229  ( 0.001931  0.013634  0.006296)
251:   1297.42   0.000395    1.99  0.000095  (-0.000884  0.006893 -0.006828)
252:   1297.72   0.001626    8.22  0.000391  (-0.018978  0.005431  0.001194)
253:   1306.47   0.000226    1.14  0.000054  (-0.004383  0.005857  0.000645)
254:   1307.08   0.000624    3.15  0.000149  ( 0.011256 -0.004045 -0.002427)
255:   1316.57   0.000756    3.82  0.000179  ( 0.001351  0.006288  0.011740)
256:   1318.34   0.000252    1.27  0.000060  (-0.004924 -0.000903  0.005879)
257:   1319.95   0.000251    1.27  0.000059  ( 0.003955  0.000345 -0.006607)
258:   1329.08   0.001686    8.52  0.000396  (-0.018804  0.005874  0.002801)
259:   1333.07   0.000739    3.73  0.000173  ( 0.007015 -0.008232 -0.007484)
260:   1335.98   0.000301    1.52  0.000070  ( 0.003955 -0.003670 -0.006425)
261:   1337.72   0.001669    8.44  0.000389  ( 0.000733 -0.012374 -0.015354)
262:   1338.71   0.000006    0.03  0.000001  ( 0.000972 -0.000372 -0.000472)
263:   1342.68   0.002045   10.33  0.000475  ( 0.013363 -0.014357 -0.009513)
264:   1345.30   0.000105    0.53  0.000024  (-0.002421  0.003312  0.002752)
265:   1350.03   0.001443    7.29  0.000334  (-0.003764  0.008575  0.015678)
266:   1351.00   0.001356    6.85  0.000313  ( 0.016061  0.007424  0.000439)
267:   1352.75   0.000003    0.01  0.000001  ( 0.000399 -0.000580 -0.000322)
268:   1353.25   0.001464    7.40  0.000338  ( 0.012757  0.005592 -0.011980)
269:   1356.48   0.000962    4.86  0.000221  (-0.000548  0.014663 -0.002450)
270:   1357.02   0.000766    3.87  0.000176  ( 0.007998 -0.008026 -0.006904)
271:   1358.92   0.001538    7.77  0.000353  (-0.007480  0.001490  0.017174)
272:   1359.63   0.000627    3.17  0.000144  (-0.000541  0.010704  0.005380)
273:   1360.32   0.003264   16.49  0.000749  ( 0.004472  0.025918  0.007552)
274:   1364.16   0.000463    2.34  0.000106  ( 0.004728 -0.003682 -0.008370)
275:   1365.92   0.001451    7.33  0.000332  ( 0.001882  0.013266 -0.012328)
276:   1367.09   0.000251    1.27  0.000057  ( 0.007315  0.001198 -0.001508)
277:   1375.79   0.002226   11.25  0.000505  ( 0.004265 -0.008902  0.020186)
278:   1377.28   0.001296    6.55  0.000294  ( 0.001191  0.011288 -0.012841)
279:   1380.30   0.001461    7.38  0.000330  (-0.010513 -0.000540  0.014812)
280:   1385.95   0.001392    7.03  0.000313  (-0.010440  0.006455  0.012755)
281:   1387.79   0.000996    5.03  0.000224  (-0.007831  0.000724  0.012730)
282:   1394.53   0.000416    2.10  0.000093  ( 0.001906  0.007800 -0.005343)
283:   1402.96   0.001410    7.13  0.000314  (-0.003393 -0.011782 -0.012780)
284:   1405.07   0.000273    1.38  0.000061  (-0.001145 -0.007599  0.001232)
285:   1407.20   0.000166    0.84  0.000037  (-0.001871  0.005694 -0.000987)
286:   1410.12   0.001118    5.65  0.000248  ( 0.007916  0.009832 -0.009389)
287:   1411.14   0.000084    0.42  0.000019  (-0.002923  0.001074  0.002974)
288:   1413.02   0.000138    0.70  0.000030  ( 0.004824  0.001634 -0.002127)
289:   1414.87   0.000434    2.19  0.000096  (-0.004721 -0.007338 -0.004422)
290:   1415.85   0.000785    3.97  0.000173  ( 0.013100 -0.000082 -0.001177)
291:   1417.11   0.000705    3.56  0.000155  (-0.003975 -0.009571  0.006910)
292:   1417.34   0.000501    2.53  0.000110  (-0.007202 -0.000983 -0.007582)
293:   1417.92   0.000290    1.47  0.000064  ( 0.001228 -0.002618  0.007452)
294:   1418.41   0.000050    0.25  0.000011  (-0.002008  0.002317 -0.001224)
295:   1419.62   0.000698    3.53  0.000153  ( 0.000295  0.002017 -0.012219)
296:   1419.78   0.001004    5.07  0.000221  (-0.009401 -0.009978 -0.005717)
297:   1420.01   0.000159    0.80  0.000035  (-0.005762  0.001011  0.000882)
298:   1421.89   0.000336    1.70  0.000074  ( 0.004631  0.001018 -0.007157)
299:   1423.08   0.000044    0.22  0.000010  (-0.001032 -0.000246  0.002938)
300:   1423.52   0.000380    1.92  0.000083  ( 0.008712 -0.002696  0.000223)
301:   1423.57   0.000069    0.35  0.000015  ( 0.001595  0.002042 -0.002884)
302:   1423.72   0.000426    2.15  0.000093  ( 0.006467 -0.005709 -0.004353)
303:   1425.27   0.000288    1.46  0.000063  ( 0.001788  0.007728  0.000370)
304:   1426.88   0.000563    2.85  0.000123  (-0.005899  0.008832  0.003217)
305:   1428.17   0.000625    3.16  0.000137  (-0.001371  0.007105  0.009176)
306:   1428.29   0.000425    2.15  0.000093  (-0.005371 -0.003301 -0.007294)
307:   1429.06   0.000829    4.19  0.000181  (-0.006516  0.007801 -0.008816)
308:   1431.10   0.000224    1.13  0.000049  ( 0.000901  0.002223 -0.006571)
309:   1431.56   0.000224    1.13  0.000049  ( 0.000882 -0.000305  0.006922)
310:   1433.68   0.000491    2.48  0.000107  (-0.008926  0.003483  0.003882)
311:   1435.00   0.000946    4.78  0.000206  (-0.009565  0.010670  0.000679)
312:   1436.33   0.000285    1.44  0.000062  (-0.001020  0.000703  0.007767)
313:   1436.71   0.002761   13.95  0.000600  (-0.015437  0.004902 -0.018366)
314:   1438.43   0.000835    4.22  0.000181  ( 0.008598  0.000974 -0.010309)
315:   1439.84   0.000523    2.64  0.000113  (-0.005122  0.007869  0.005026)
316:   1440.09   0.000034    0.17  0.000007  (-0.000186 -0.002591 -0.000775)
317:   1440.73   0.000363    1.84  0.000079  (-0.000349  0.007524  0.004690)
318:   1443.53   0.000432    2.18  0.000093  (-0.008232  0.004624 -0.002060)
319:   1444.36   0.000500    2.52  0.000108  (-0.004851 -0.006993 -0.005960)
320:   1446.16   0.001972    9.96  0.000425  (-0.005127 -0.018943 -0.006353)
321:   1446.90   0.000095    0.48  0.000021  ( 0.003979 -0.001143 -0.001845)
322:   1450.18   0.000772    3.90  0.000166  (-0.008423 -0.008717  0.004384)
323:   1451.66   0.000807    4.08  0.000173  (-0.005996  0.009447 -0.006946)
324:   1455.13   0.005718   28.90  0.001226  ( 0.015168  0.017698 -0.026135)
325:   1473.65   0.006109   30.87  0.001294  (-0.016679  0.020529 -0.024373)
326:   1665.40   0.000357    1.80  0.000067  ( 0.003922 -0.005255  0.004884)
327:   1666.82   0.000434    2.19  0.000081  (-0.003831 -0.004372 -0.006891)
328:   1735.99   0.032360  163.54  0.005817  ( 0.062274  0.034249  0.027679)
329:   1762.89   0.043234  218.49  0.007653  ( 0.069987  0.001228 -0.052474)
330:   2893.40   0.004269   21.57  0.000460  (-0.007526 -0.012550 -0.015693)
331:   2899.86   0.000286    1.44  0.000031  ( 0.005159 -0.001916  0.000685)
332:   2901.09   0.000082    0.41  0.000009  (-0.002690  0.001183  0.000426)
333:   2901.86   0.002731   13.80  0.000294  (-0.014849  0.006521 -0.005538)
334:   2903.72   0.002156   10.90  0.000232  (-0.014957 -0.002330  0.001606)
335:   2903.90   0.001643    8.30  0.000177  (-0.002088 -0.010510 -0.007859)
336:   2905.13   0.001727    8.73  0.000185  (-0.008090 -0.010938  0.000627)
337:   2905.79   0.001383    6.99  0.000148  (-0.007455 -0.000840  0.009603)
338:   2905.97   0.004225   21.35  0.000454  ( 0.017383  0.007056  0.010087)
339:   2906.78   0.000921    4.66  0.000099  ( 0.002987  0.009245  0.002128)
340:   2907.17   0.002403   12.14  0.000258  (-0.014757 -0.005979  0.002111)
341:   2907.41   0.000325    1.64  0.000035  (-0.003514 -0.004220  0.002183)
342:   2909.67   0.002100   10.61  0.000225  ( 0.014585 -0.000843  0.003427)
343:   2911.30   0.007916   40.00  0.000849  ( 0.026548 -0.008171  0.008770)
344:   2912.94   0.002090   10.56  0.000224  (-0.002098 -0.003273 -0.014449)
345:   2913.14   0.011347   57.34  0.001216  (-0.002821  0.008954  0.033577)
346:   2914.60   0.004436   22.42  0.000475  ( 0.017296 -0.010426 -0.008191)
347:   2915.24   0.003480   17.59  0.000372  ( 0.013648  0.012558 -0.005341)
348:   2917.31   0.003078   15.56  0.000329  ( 0.012758 -0.007838  0.010250)
349:   2917.77   0.008287   41.88  0.000886  ( 0.002447  0.029671  0.000067)
350:   2918.50   0.007831   39.58  0.000837  ( 0.022880 -0.007723  0.015943)
351:   2919.22   0.004179   21.12  0.000447  ( 0.014947  0.014561 -0.003366)
352:   2919.60   0.021681  109.57  0.002317  ( 0.001747  0.030216  0.037435)
353:   2920.62   0.007649   38.66  0.000817  (-0.006933  0.026491  0.008216)
354:   2921.42   0.002372   11.99  0.000253  ( 0.003546  0.012801 -0.008771)
355:   2921.82   0.005040   25.47  0.000538  ( 0.022068  0.004974 -0.005151)
356:   2923.22   0.007538   38.09  0.000805  (-0.015171 -0.015827  0.018001)
357:   2925.58   0.008386   42.38  0.000895  ( 0.029218  0.002283  0.005967)
358:   2927.28   0.004735   23.93  0.000505  ( 0.021193  0.005854 -0.004620)
359:   2928.80   0.004719   23.85  0.000503  (-0.012944 -0.013789  0.012046)
360:   2930.13   0.003594   18.16  0.000383  (-0.011483  0.001383  0.015779)
361:   2930.86   0.001800    9.10  0.000192  ( 0.009328 -0.010111 -0.001565)
362:   2935.62   0.000413    2.09  0.000044  (-0.004611 -0.000453 -0.004736)
363:   2935.75   0.000109    0.55  0.000012  (-0.001581  0.002778 -0.001179)
364:   2936.61   0.003068   15.51  0.000326  ( 0.000827 -0.007928  0.016203)
365:   2938.49   0.000863    4.36  0.000092  (-0.009018 -0.001022 -0.003040)
366:   2938.58   0.002243   11.33  0.000238  (-0.009392 -0.011074  0.005230)
367:   2940.51   0.000721    3.65  0.000077  ( 0.001960  0.002371  0.008191)
368:   2940.58   0.004075   20.59  0.000432  ( 0.006562  0.016592  0.010681)
369:   2941.39   0.005983   30.24  0.000635  ( 0.016754  0.006801 -0.017545)
370:   2942.20   0.014775   74.67  0.001567  (-0.006851 -0.037340 -0.011221)
371:   2942.35   0.006245   31.56  0.000662  (-0.001140 -0.025215 -0.005023)
372:   2942.57   0.019113   96.59  0.002027  ( 0.010043 -0.041588  0.014018)
373:   2946.06   0.003129   15.81  0.000331  (-0.007039  0.014037  0.009210)
374:   2946.47   0.002205   11.15  0.000234  (-0.012190 -0.009194 -0.000673)
375:   2951.86   0.001665    8.41  0.000176  ( 0.008246  0.004558  0.009339)
376:   2954.19   0.001130    5.71  0.000119  (-0.002997  0.006434  0.008306)
377:   2954.66   0.005187   26.21  0.000548  ( 0.005479  0.018563 -0.013160)
378:   2958.73   0.005936   30.00  0.000626  ( 0.024383 -0.002504 -0.005031)
379:   2961.67   0.001471    7.43  0.000155  ( 0.010508  0.006571 -0.001179)
380:   2963.44   0.018360   92.79  0.001933  ( 0.030343  0.015703  0.027680)
381:   2963.76   0.001252    6.33  0.000132  ( 0.002027 -0.011302 -0.000028)
382:   2964.33   0.008215   41.52  0.000865  ( 0.025581 -0.009777 -0.010719)
383:   2965.10   0.011951   60.40  0.001258  ( 0.013382 -0.027607  0.017792)
384:   2967.72   0.002501   12.64  0.000263  (-0.013538  0.008822  0.001371)
385:   2967.76   0.011313   57.17  0.001190  ( 0.034117 -0.002947 -0.004111)
386:   2969.69   0.007157   36.17  0.000752  (-0.020474 -0.014557  0.010998)
387:   2973.58   0.009185   46.42  0.000964  (-0.012888  0.022411 -0.017193)
388:   2973.60   0.007432   37.56  0.000780  ( 0.014467  0.023783  0.002254)
389:   2974.27   0.005658   28.59  0.000594  (-0.004526  0.008432  0.022406)
390:   2978.00   0.013567   68.56  0.001422  ( 0.031759 -0.002248 -0.020199)
391:   2981.32   0.003427   17.32  0.000359  ( 0.009269 -0.013415 -0.009636)
392:   2983.82   0.008349   42.19  0.000873  (-0.021128 -0.019365 -0.007201)
393:   2988.98   0.004724   23.87  0.000493  (-0.006408  0.017125 -0.012605)
394:   2992.91   0.013086   66.13  0.001364  (-0.020197  0.018115 -0.025067)
395:   2994.40   0.000214    1.08  0.000022  (-0.003324  0.001575 -0.002956)
396:   2998.10   0.002189   11.06  0.000228  ( 0.012939  0.003272 -0.007054)
397:   2998.16   0.000532    2.69  0.000055  ( 0.001053  0.002983  0.006736)
398:   2998.40   0.013132   66.36  0.001367  ( 0.009931 -0.020935 -0.028807)
399:   2999.24   0.004670   23.60  0.000486  ( 0.001754  0.013366  0.017441)
400:   3001.26   0.006520   32.95  0.000678  ( 0.009180 -0.017799  0.016638)
401:   3009.75   0.001964    9.92  0.000204  (-0.006173  0.001615  0.012763)
402:   3012.26   0.003603   18.21  0.000373  ( 0.016518  0.009916 -0.001455)
403:   3015.17   0.001335    6.75  0.000138  ( 0.008990  0.002138 -0.007266)
404:   3030.97   0.006497   32.83  0.000669  (-0.018963 -0.013428 -0.011360)
405:   3033.40   0.000501    2.53  0.000051  (-0.005692  0.002893  0.003274)
406:   3035.66   0.000664    3.36  0.000068  ( 0.008101  0.000589 -0.001515)
407:   3037.39   0.009746   49.25  0.001001  (-0.014352  0.026664 -0.009186)
408:   3038.88   0.000703    3.55  0.000072  ( 0.004804 -0.000560  0.006987)
409:   3045.67   0.012385   62.59  0.001269  ( 0.007719  0.034145  0.006592)
410:   3059.39   0.000848    4.28  0.000086  (-0.002296  0.008946 -0.001078)
411:   3062.65   0.000757    3.83  0.000077  (-0.002560  0.001966 -0.008169)
412:   3067.14   0.000957    4.83  0.000097  ( 0.008540 -0.004895  0.000668)
413:   3080.95   0.005970   30.17  0.000605  (-0.000970 -0.022994  0.008660)
