  6:      6.79   0.000010    0.05  0.000455  (-0.010261  0.007831  0.016984)
  7:     11.98   0.000064    0.32  0.001671  (-0.028674  0.029134  0.000464)
  8:     13.08   0.000105    0.53  0.002495  ( 0.015992 -0.015493  0.044709)
  9:     15.57   0.000113    0.57  0.002269  ( 0.015064 -0.007543 -0.044556)
 10:     19.88   0.000023    0.11  0.000356  (-0.015740  0.009626 -0.003955)
 11:     23.29   0.000074    0.37  0.000991  ( 0.022160 -0.013188  0.018051)
 12:     24.82   0.000268    1.35  0.003367  (-0.016572  0.024731 -0.049812)
 13:     26.80   0.000206    1.04  0.002400  (-0.036896  0.029819 -0.012247)
 14:     33.26   0.000041    0.21  0.000386  (-0.016135  0.009035 -0.006663)
 15:     35.73   0.000036    0.18  0.000317  ( 0.010369 -0.003199  0.014106)
 16:     41.34   0.000098    0.49  0.000736  (-0.002334 -0.005554  0.026457)
 17:     41.96   0.000601    3.04  0.004471  ( 0.023253 -0.006932 -0.062305)
 18:     45.99   0.001006    5.08  0.006825  (-0.040776  0.024642 -0.067492)
 19:     47.52   0.000036    0.18  0.000238  ( 0.010905  0.009668 -0.005066)
 20:     48.89   0.000182    0.92  0.001165  ( 0.029660 -0.012149 -0.011729)
 21:     52.51   0.000019    0.10  0.000113  (-0.005289 -0.003436  0.008579)
 22:     54.31   0.000092    0.46  0.000526  ( 0.012732 -0.017965  0.006450)
 23:     57.79   0.000167    0.85  0.000904  (-0.012420 -0.009622 -0.025643)
 24:     61.05   0.000044    0.22  0.000225  ( 0.000594 -0.008150 -0.012599)
 25:     61.58   0.000529    2.67  0.002681  ( 0.008311 -0.000274 -0.051105)
 26:     65.50   0.000053    0.27  0.000255  ( 0.002329  0.011823 -0.010455)
 27:     67.77   0.000146    0.74  0.000671  (-0.010879  0.023251 -0.003475)
 28:     71.98   0.000211    1.07  0.000916  ( 0.003756  0.001001 -0.030021)
 29:     79.25   0.000366    1.85  0.001440  (-0.020471  0.028905  0.013614)
 30:     82.23   0.000527    2.66  0.001998  (-0.010780  0.032138 -0.029141)
 31:     84.40   0.000058    0.29  0.000214  ( 0.007025 -0.012203 -0.003964)
 32:     87.62   0.000068    0.34  0.000241  (-0.009446  0.010106 -0.007041)
 33:     91.03   0.000004    0.02  0.000013  (-0.001662 -0.003245  0.000008)
 34:     92.21   0.000187    0.94  0.000632  ( 0.008187  0.022475  0.007749)
 35:     93.78   0.000147    0.74  0.000489  ( 0.000397 -0.018083 -0.012709)
 36:    101.33   0.000038    0.19  0.000116  ( 0.002206 -0.003351 -0.009978)
 37:    108.69   0.000010    0.05  0.000028  ( 0.002125 -0.002470 -0.004204)
 38:    109.85   0.000064    0.32  0.000182  ( 0.001575  0.004978 -0.012445)
 39:    112.17   0.000214    1.08  0.000596  (-0.009659 -0.021967 -0.004539)
 40:    118.30   0.000041    0.21  0.000109  ( 0.005708 -0.004132  0.007677)
 41:    121.84   0.000070    0.36  0.000181  (-0.003243  0.009479 -0.008954)
 42:    123.78   0.000083    0.42  0.000208  (-0.004174 -0.013818  0.000272)
 43:    130.90   0.000255    1.29  0.000609  ( 0.008537 -0.007535  0.021885)
 44:    134.43   0.000007    0.04  0.000017  (-0.003062 -0.002382 -0.001428)
 45:    138.35   0.000015    0.08  0.000035  ( 0.003234 -0.004174 -0.002628)
 46:    149.12   0.000340    1.72  0.000711  ( 0.024299 -0.010561 -0.003037)
 47:    156.04   0.000501    2.53  0.001002  ( 0.030410  0.001356  0.008675)
 48:    157.95   0.002311   11.68  0.004566  ( 0.058680  0.028457 -0.017700)
 49:    167.15   0.000666    3.37  0.001244  (-0.027991 -0.021330  0.002367)
 50:    169.66   0.000460    2.32  0.000846  ( 0.013650  0.002428  0.025568)
 51:    169.81   0.001484    7.50  0.002727  ( 0.021965  0.002432  0.047319)
 52:    179.66   0.000005    0.02  0.000008  ( 0.001200  0.002244 -0.001248)
 53:    184.26   0.001159    5.86  0.001963  ( 0.026852  0.032119  0.014508)
 54:    189.48   0.000108    0.55  0.000178  ( 0.006193  0.011093 -0.004129)
 55:    193.14   0.000007    0.03  0.000011  (-0.003203 -0.000595 -0.000528)
 56:    199.41   0.000250    1.26  0.000391  ( 0.003245  0.005298  0.018762)
 57:    208.28   0.000023    0.12  0.000034  ( 0.003521 -0.004290  0.001836)
 58:    214.72   0.000443    2.24  0.000644  ( 0.013911 -0.020438 -0.005744)
 59:    227.64   0.000201    1.02  0.000276  (-0.002904 -0.013401 -0.009373)
 60:    230.04   0.000019    0.10  0.000026  ( 0.004336  0.002501 -0.001106)
 61:    237.00   0.000213    1.08  0.000281  ( 0.001959  0.000037  0.016634)
 62:    246.95   0.000608    3.07  0.000768  (-0.017686  0.019217 -0.009289)
 63:    253.20   0.000049    0.25  0.000060  ( 0.000373 -0.001197  0.007640)
 64:    254.30   0.000132    0.67  0.000162  ( 0.011693 -0.004782  0.001404)
 65:    261.88   0.000549    2.77  0.000654  ( 0.023800  0.006985 -0.006230)
 66:    270.94   0.000010    0.05  0.000011  ( 0.002867 -0.000032 -0.001701)
 67:    274.35   0.000051    0.26  0.000058  ( 0.006276  0.003927  0.001705)
 68:    275.51   0.000009    0.04  0.000010  ( 0.000088 -0.000978  0.002947)
 69:    278.66   0.000345    1.75  0.000387  ( 0.009640  0.007971 -0.015178)
 70:    280.93   0.000223    1.13  0.000248  ( 0.015732  0.000607 -0.000012)
 71:    288.52   0.000160    0.81  0.000173  ( 0.001807 -0.002066 -0.012851)
 72:    292.54   0.000156    0.79  0.000167  ( 0.004548  0.006770  0.010011)
 73:    299.71   0.000176    0.89  0.000183  (-0.010641  0.008283  0.001082)
 74:    300.91   0.000150    0.76  0.000156  (-0.000371  0.009045  0.008604)
 75:    305.35   0.000061    0.31  0.000063  ( 0.003001  0.005540 -0.004787)
 76:    321.72   0.000224    1.13  0.000217  (-0.006065  0.005307  0.012336)
 77:    326.89   0.001232    6.23  0.001176  ( 0.013811  0.006392 -0.030737)
 78:    335.97   0.000367    1.85  0.000340  ( 0.009624  0.011389  0.010868)
 79:    337.95   0.000693    3.50  0.000640  ( 0.002672 -0.012719 -0.021694)
 80:    342.36   0.000130    0.66  0.000119  ( 0.000106  0.007410 -0.007989)
 81:    348.05   0.000691    3.49  0.000620  ( 0.014405  0.002640  0.020130)
 82:    350.17   0.000160    0.81  0.000142  ( 0.005835 -0.008438 -0.006075)
 83:    352.27   0.000995    5.03  0.000881  (-0.029451 -0.003337 -0.001674)
 84:    355.02   0.003382   17.09  0.002973  ( 0.049280  0.021744  0.008447)
 85:    362.50   0.000123    0.62  0.000106  ( 0.000935  0.000748 -0.010223)
 86:    380.37   0.000258    1.30  0.000211  ( 0.002399 -0.011235 -0.008917)
 87:    382.56   0.000431    2.18  0.000351  ( 0.014826  0.000617 -0.011455)
 88:    405.35   0.001107    5.59  0.000852  (-0.011762  0.023538 -0.012632)
 89:    412.97   0.001914    9.67  0.001446  ( 0.028764  0.002508 -0.024746)
 90:    418.76   0.003530   17.84  0.002631  ( 0.013887 -0.018657  0.045712)
 91:    443.14   0.000444    2.24  0.000312  (-0.010042  0.011642 -0.008720)
 92:    446.83   0.001720    8.69  0.001201  ( 0.008251 -0.012182 -0.031384)
 93:    453.58   0.001422    7.19  0.000979  ( 0.016464 -0.025668  0.006976)
 94:    455.80   0.000182    0.92  0.000124  ( 0.011118  0.000441  0.000677)
 95:    457.47   0.001858    9.39  0.001268  (-0.031693 -0.011955  0.010967)
 96:    462.07   0.000350    1.77  0.000237  (-0.002153 -0.005029  0.014377)
 97:    466.20   0.000980    4.95  0.000656  ( 0.002039  0.000573  0.025531)
 98:    468.96   0.000092    0.46  0.000061  ( 0.004785 -0.005245 -0.003244)
 99:    475.41   0.000579    2.93  0.000380  ( 0.000004  0.017993 -0.007497)
100:    486.78   0.000793    4.01  0.000508  (-0.016989 -0.007711  0.012649)
101:    492.92   0.000900    4.55  0.000570  (-0.012533  0.018063 -0.009286)
102:    520.39   0.000251    1.27  0.000150  ( 0.005145 -0.008407  0.007285)
103:    525.60   0.000035    0.18  0.000021  ( 0.003771 -0.001269  0.002283)
104:    541.50   0.000138    0.70  0.000079  ( 0.002717 -0.007881 -0.003163)
105:    555.07   0.002214   11.19  0.001245  (-0.032638 -0.001393 -0.013322)
106:    556.05   0.013949   70.49  0.007828  ( 0.080120  0.036650  0.008129)
107:    576.15   0.001340    6.77  0.000726  ( 0.002117 -0.002693  0.026720)
108:    591.75   0.002212   11.18  0.001167  ( 0.011001 -0.028864 -0.014576)
109:    600.60   0.000876    4.43  0.000455  ( 0.000180  0.017715 -0.011881)
110:    605.04   0.000134    0.68  0.000069  (-0.000555 -0.001030  0.008228)
111:    618.24   0.015242   77.02  0.007693  (-0.007944 -0.045446 -0.074598)
112:    628.83   0.028702  145.05  0.014244  (-0.111133  0.002119 -0.043460)
113:    649.81   0.013919   70.34  0.006685  (-0.072998  0.018635 -0.031758)
114:    660.16   0.000915    4.62  0.000433  ( 0.004929  0.002765 -0.020015)
115:    687.47   0.001811    9.15  0.000822  ( 0.019589 -0.018380  0.010019)
116:    696.02   0.008791   44.43  0.003942  ( 0.054091 -0.005368  0.031416)
117:    717.45   0.001054    5.32  0.000458  (-0.018187 -0.004224 -0.010474)
118:    721.88   0.001005    5.08  0.000434  ( 0.008206  0.011882  0.015027)
119:    725.72   0.002252   11.38  0.000968  ( 0.008140 -0.008658  0.028761)
120:    729.16   0.000298    1.51  0.000128  ( 0.000788 -0.002153  0.011059)
121:    730.93   0.001191    6.02  0.000509  (-0.000779 -0.018176 -0.013330)
122:    731.53   0.001349    6.82  0.000576  ( 0.009907  0.012615  0.017839)
123:    736.48   0.003668   18.53  0.001554  ( 0.007164  0.007925  0.037946)
124:    738.08   0.000163    0.83  0.000069  (-0.006789 -0.004256  0.002198)
125:    748.96   0.001217    6.15  0.000507  (-0.013377 -0.017996 -0.002062)
126:    754.48   0.001267    6.40  0.000524  ( 0.013859  0.004419  0.017678)
127:    758.66   0.000916    4.63  0.000377  (-0.009734  0.016572  0.002754)
128:    764.55   0.000880    4.45  0.000359  ( 0.003204 -0.012879  0.013525)
129:    768.10   0.000973    4.92  0.000395  ( 0.009554 -0.001230 -0.017392)
130:    772.83   0.003571   18.05  0.001442  ( 0.030082  0.014851  0.017792)
131:    800.47   0.000083    0.42  0.000032  (-0.000191 -0.003890  0.004135)
132:    801.38   0.000508    2.57  0.000198  (-0.006818  0.002211 -0.012106)
133:    801.89   0.006016   30.40  0.002341  ( 0.027113  0.014459 -0.037378)
134:    809.92   0.000187    0.95  0.000072  (-0.007062 -0.004683  0.000641)
135:    813.97   0.003873   19.57  0.001485  ( 0.034580  0.004527 -0.016386)
136:    820.77   0.001038    5.25  0.000395  (-0.012576 -0.005606 -0.014326)
137:    825.46   0.000151    0.76  0.000057  (-0.000699 -0.001644 -0.007343)
138:    834.60   0.002266   11.45  0.000847  ( 0.018223  0.008656  0.020982)
139:    845.55   0.000312    1.58  0.000115  (-0.009285 -0.001454  0.005196)
140:    851.66   0.002629   13.28  0.000963  (-0.030870  0.003197  0.000103)
141:    854.50   0.000222    1.12  0.000081  ( 0.001039  0.003095 -0.008387)
142:    859.44   0.000270    1.36  0.000098  ( 0.008177  0.000550  0.005548)
143:    864.68   0.000814    4.11  0.000294  (-0.016330  0.003965  0.003387)
144:    873.31   0.000272    1.38  0.000097  (-0.002813 -0.006741  0.006628)
145:    876.54   0.000826    4.17  0.000294  (-0.007477  0.015348  0.001622)
146:    880.79   0.000099    0.50  0.000035  (-0.002230 -0.003506 -0.004200)
147:    886.23   0.003550   17.94  0.001250  (-0.004985  0.033111 -0.011348)
148:    888.80   0.000372    1.88  0.000131  (-0.001481 -0.004656 -0.010330)
149:    895.54   0.001218    6.16  0.000424  (-0.004237  0.017282 -0.010385)
150:    896.51   0.001039    5.25  0.000362  (-0.010843  0.015194  0.003634)
151:    907.09   0.001259    6.36  0.000433  ( 0.019306 -0.007730 -0.000773)
152:    915.29   0.010805   54.60  0.003684  (-0.045517 -0.033482 -0.022161)
153:    921.72   0.000220    1.11  0.000075  ( 0.001304  0.006732  0.005244)
154:    927.98   0.000303    1.53  0.000102  ( 0.007025  0.007053 -0.001644)
155:    935.97   0.006722   33.97  0.002241  (-0.031558 -0.035288  0.000165)
156:    937.23   0.005240   26.48  0.001745  (-0.028351 -0.030071  0.006055)
157:    949.48   0.001273    6.43  0.000418  (-0.006474  0.016703  0.009871)
158:    951.82   0.000378    1.91  0.000124  ( 0.000912  0.005381 -0.009703)
159:    954.29   0.000881    4.45  0.000288  (-0.010578  0.002357 -0.013060)
160:    959.65   0.001630    8.24  0.000530  ( 0.005270  0.019428 -0.011174)
161:    960.92   0.001382    6.98  0.000449  ( 0.010298  0.018506 -0.000457)
162:    964.37   0.000409    2.07  0.000132  ( 0.007713  0.007898 -0.003254)
163:    968.15   0.005658   28.59  0.001824  ( 0.021778  0.002224  0.036668)
164:    972.70   0.000404    2.04  0.000130  ( 0.006812  0.006051 -0.006829)
165:    979.16   0.000109    0.55  0.000035  (-0.001664 -0.005024  0.002618)
166:    982.67   0.001773    8.96  0.000563  ( 0.004063 -0.003399  0.023128)
167:    983.37   0.000303    1.53  0.000096  (-0.006386 -0.002310  0.007080)
168:    992.82   0.000790    3.99  0.000248  (-0.004496  0.006959 -0.013406)
169:    993.20   0.000107    0.54  0.000034  ( 0.001517  0.004910 -0.002684)
170:   1001.96   0.000955    4.83  0.000297  ( 0.004299 -0.003339 -0.016365)
171:   1002.58   0.037788  190.96  0.011762  (-0.027010  0.024519  0.102133)
172:   1007.04   0.002094   10.58  0.000649  (-0.011276  0.000176  0.022841)
173:   1012.52   0.000005    0.03  0.000002  ( 0.000417 -0.000534  0.001072)
174:   1015.62   0.002714   13.71  0.000834  (-0.002620  0.002203  0.028672)
175:   1021.60   0.000274    1.38  0.000084  ( 0.001197  0.006479  0.006345)
176:   1023.42   0.000063    0.32  0.000019  (-0.000060 -0.003421 -0.002733)
177:   1024.83   0.000140    0.71  0.000043  ( 0.001264 -0.002711  0.005794)
178:   1031.70   0.001385    7.00  0.000419  (-0.004051  0.007177 -0.018732)
179:   1032.30   0.000426    2.15  0.000129  ( 0.002962 -0.000573 -0.010945)
180:   1033.66   0.000246    1.24  0.000074  (-0.006777  0.000734 -0.005263)
181:   1038.93   0.000372    1.88  0.000112  ( 0.010512  0.000979  0.000410)
182:   1040.96   0.003302   16.69  0.000990  ( 0.031245 -0.000030  0.003688)
183:   1041.60   0.000664    3.36  0.000199  ( 0.000179  0.008143 -0.011518)
184:   1044.47   0.027156  137.24  0.008114  ( 0.081873  0.012231  0.035509)
185:   1048.24   0.000068    0.34  0.000020  ( 0.003096  0.003015 -0.001214)
186:   1049.54   0.003030   15.31  0.000901  (-0.017170 -0.022182 -0.010678)
187:   1049.92   0.001070    5.41  0.000318  (-0.016241  0.005968 -0.004316)
188:   1052.27   0.000719    3.63  0.000213  ( 0.006656  0.007847 -0.010356)
189:   1054.53   0.000019    0.10  0.000006  ( 0.001573 -0.001773 -0.000352)
190:   1067.52   0.008588   43.40  0.002510  ( 0.005795  0.040593  0.028794)
191:   1070.35   0.000890    4.50  0.000259  ( 0.004165  0.004057 -0.015021)
192:   1070.81   0.005518   27.89  0.001608  ( 0.010996  0.038067  0.006173)
193:   1073.48   0.006924   34.99  0.002013  ( 0.002393 -0.043500 -0.010717)
194:   1078.27   0.007514   37.97  0.002175  ( 0.021250  0.003803 -0.041337)
195:   1079.40   0.001004    5.08  0.000290  ( 0.002180  0.016702  0.002581)
196:   1093.24   0.005514   27.87  0.001574  ( 0.011523  0.012737 -0.035764)
197:   1097.25   0.000260    1.32  0.000074  (-0.004993 -0.003612  0.006007)
198:   1101.38   0.006799   34.36  0.001927  ( 0.012509  0.016628 -0.038647)
199:   1108.96   0.007168   36.23  0.002017  ( 0.013294  0.042307 -0.007112)
200:   1111.27   0.002655   13.42  0.000745  ( 0.010761  0.016929 -0.018523)
201:   1116.59   0.005327   26.92  0.001489  ( 0.005755 -0.000438 -0.038151)
202:   1117.53   0.004178   21.12  0.001167  ( 0.019828  0.021465  0.017689)
203:   1122.76   0.000637    3.22  0.000177  (-0.011734 -0.006256  0.000476)
204:   1132.34   0.010054   50.81  0.002771  (-0.007062 -0.052152  0.001079)
205:   1142.68   0.041495  209.70  0.011332  ( 0.019194  0.034591 -0.098830)
206:   1152.32   0.000109    0.55  0.000030  ( 0.005184  0.001613  0.000278)
207:   1152.56   0.004310   21.78  0.001167  (-0.004939 -0.018939  0.027995)
208:   1170.92   0.001386    7.00  0.000369  (-0.001567  0.018641 -0.004408)
209:   1173.80   0.000248    1.25  0.000066  ( 0.002749 -0.006260 -0.004386)
210:   1174.07   0.000366    1.85  0.000097  (-0.001880 -0.009585 -0.001417)
211:   1178.98   0.042282  213.67  0.011192  (-0.007571 -0.071581 -0.077527)
212:   1192.56   0.003331   16.83  0.000872  ( 0.022404  0.019183  0.001309)
213:   1194.24   0.001071    5.41  0.000280  ( 0.006536  0.002392  0.015217)
214:   1196.71   0.001724    8.71  0.000450  ( 0.004629  0.004968 -0.020089)
215:   1205.92   0.000800    4.04  0.000207  (-0.009149 -0.011028 -0.001295)
216:   1212.25   0.002092   10.57  0.000539  (-0.008761 -0.018508 -0.010923)
217:   1219.82   0.000808    4.08  0.000207  ( 0.008461  0.001837  0.011479)
218:   1220.31   0.001196    6.04  0.000306  ( 0.004389  0.013757 -0.009863)
219:   1230.17   0.001254    6.34  0.000318  (-0.010953 -0.008075  0.011531)
220:   1233.62   0.020614  104.17  0.005215  (-0.017292 -0.070070  0.002391)
221:   1237.09   0.010321   52.16  0.002603  ( 0.028914  0.040913 -0.009670)
222:   1237.27   0.005178   26.17  0.001306  ( 0.019276  0.029596 -0.007644)
223:   1238.29   0.002692   13.61  0.000679  ( 0.007181  0.012221 -0.021854)
224:   1239.22   0.001343    6.79  0.000338  ( 0.000717  0.014342  0.011492)
225:   1241.33   0.023701  119.78  0.005958  ( 0.034314  0.054089 -0.043074)
226:   1245.36   0.000399    2.02  0.000100  ( 0.008809  0.004208 -0.002173)
227:   1246.14   0.001294    6.54  0.000324  ( 0.017066  0.004697 -0.003284)
228:   1251.25   0.001396    7.05  0.000348  (-0.007726 -0.008873  0.014481)
229:   1253.11   0.000452    2.28  0.000112  ( 0.007810  0.004360  0.005699)
230:   1255.34   0.000913    4.61  0.000227  ( 0.000718  0.014629  0.003527)
231:   1256.33   0.004665   23.57  0.001159  (-0.012867 -0.005834  0.030970)
232:   1259.99   0.000655    3.31  0.000162  ( 0.011451  0.005018 -0.002408)
233:   1261.53   0.000071    0.36  0.000017  (-0.003544  0.001461  0.001667)
234:   1262.32   0.000318    1.60  0.000079  (-0.000506 -0.002458  0.008498)
235:   1269.07   0.000799    4.04  0.000197  ( 0.009979  0.001961 -0.009651)
236:   1271.72   0.000704    3.56  0.000173  (-0.008944 -0.006497  0.007107)
237:   1272.92   0.000093    0.47  0.000023  ( 0.004105  0.001222 -0.002102)
238:   1273.48   0.000835    4.22  0.000205  ( 0.003396 -0.004825  0.013035)
239:   1277.90   0.000087    0.44  0.000021  ( 0.000962  0.004409 -0.000887)
240:   1279.92   0.000906    4.58  0.000221  ( 0.008049 -0.008407 -0.009239)
241:   1281.37   0.001207    6.10  0.000294  ( 0.013680  0.005516  0.008739)
242:   1282.04   0.000066    0.33  0.000016  ( 0.000099  0.000817 -0.003930)
243:   1282.67   0.000128    0.65  0.000031  ( 0.000184 -0.000896 -0.005498)
244:   1287.78   0.002354   11.90  0.000570  (-0.010285 -0.018804  0.010540)
245:   1289.64   0.000805    4.07  0.000195  (-0.012417 -0.003530 -0.005305)
246:   1290.76   0.000043    0.22  0.000010  (-0.000649 -0.002511  0.001898)
247:   1294.84   0.001773    8.96  0.000427  (-0.018093 -0.008594 -0.005115)
248:   1295.04   0.000448    2.27  0.000108  (-0.003887  0.005343 -0.008026)
249:   1299.31   0.004630   23.40  0.001112  ( 0.000696 -0.010111  0.031770)
250:   1303.44   0.000034    0.17  0.000008  ( 0.002845 -0.000262  0.000237)
251:   1305.13   0.000273    1.38  0.000065  (-0.000145 -0.006428 -0.004893)
252:   1307.12   0.003016   15.24  0.000720  ( 0.003366 -0.001753 -0.026562)
253:   1307.82   0.000169    0.85  0.000040  (-0.004815  0.003630 -0.001990)
254:   1311.05   0.001022    5.17  0.000243  ( 0.003103 -0.000102  0.015288)
255:   1313.19   0.000203    1.03  0.000048  ( 0.003246  0.000467 -0.006128)
256:   1314.07   0.001112    5.62  0.000264  (-0.001680 -0.015424 -0.004840)
257:   1320.13   0.000237    1.20  0.000056  ( 0.004747  0.002304 -0.005313)
258:   1328.56   0.004820   24.36  0.001132  (-0.003973 -0.003872  0.033189)
259:   1329.33   0.001405    7.10  0.000330  ( 0.006687  0.016415  0.003962)
260:   1334.30   0.000781    3.95  0.000183  (-0.009141 -0.005482 -0.008316)
261:   1335.12   0.000271    1.37  0.000063  (-0.002381  0.001675 -0.007415)
262:   1335.40   0.001472    7.44  0.000344  (-0.004561  0.012283 -0.013123)
263:   1339.58   0.000353    1.78  0.000082  ( 0.000770 -0.004381 -0.007897)
264:   1343.53   0.000418    2.11  0.000097  ( 0.002829  0.009403 -0.000829)
265:   1346.61   0.002603   13.15  0.000603  ( 0.015344  0.001043 -0.019150)
266:   1350.33   0.002254   11.39  0.000521  ( 0.006606  0.011115 -0.018805)
267:   1353.89   0.000904    4.57  0.000208  (-0.006548  0.000895 -0.012829)
268:   1355.14   0.000519    2.62  0.000119  ( 0.000774  0.001042 -0.010853)
269:   1357.18   0.000158    0.80  0.000036  ( 0.004074  0.004255 -0.001307)
270:   1357.95   0.000217    1.10  0.000050  ( 0.003893  0.005895 -0.000160)
271:   1358.75   0.001058    5.35  0.000243  ( 0.007546  0.011923 -0.006633)
272:   1358.87   0.000555    2.80  0.000127  (-0.007199  0.000548 -0.008673)
273:   1362.41   0.000633    3.20  0.000145  ( 0.008697  0.007573 -0.003467)
274:   1362.98   0.000055    0.28  0.000013  (-0.001287 -0.001934  0.002699)
275:   1365.36   0.001095    5.53  0.000250  (-0.007821 -0.012953 -0.004613)
276:   1366.87   0.003501   17.69  0.000799  ( 0.019542  0.013632  0.015220)
277:   1371.74   0.004949   25.01  0.001126  ( 0.022076 -0.008773  0.023698)
278:   1375.26   0.000298    1.51  0.000068  (-0.003361 -0.000766  0.007465)
279:   1379.66   0.002142   10.83  0.000485  (-0.017113 -0.009381 -0.010182)
280:   1384.23   0.000575    2.90  0.000130  (-0.000535 -0.011182 -0.002057)
281:   1386.74   0.001063    5.37  0.000239  (-0.001731  0.003654 -0.014931)
282:   1391.27   0.000062    0.31  0.000014  ( 0.002605  0.000622 -0.002607)
283:   1392.05   0.001456    7.36  0.000326  ( 0.002282  0.010634  0.014429)
284:   1396.83   0.001613    8.15  0.000360  (-0.013084  0.004043 -0.013142)
285:   1404.24   0.001009    5.10  0.000224  (-0.005005  0.008550  0.011232)
286:   1410.92   0.000142    0.72  0.000031  ( 0.004496  0.003310 -0.000497)
287:   1411.46   0.000163    0.82  0.000036  (-0.000070 -0.005961 -0.000685)
288:   1415.31   0.000104    0.53  0.000023  ( 0.003493  0.003202 -0.000704)
289:   1415.45   0.000446    2.26  0.000098  ( 0.002710  0.003101  0.009024)
290:   1415.82   0.000287    1.45  0.000063  (-0.006217  0.001879 -0.004596)
291:   1418.27   0.000206    1.04  0.000045  ( 0.000051 -0.002462  0.006269)
292:   1419.00   0.000086    0.43  0.000019  (-0.000533  0.003098  0.002999)
293:   1419.72   0.000150    0.76  0.000033  ( 0.005626 -0.001144  0.000128)
294:   1420.02   0.000162    0.82  0.000036  (-0.000085 -0.005038 -0.003204)
295:   1420.27   0.000408    2.06  0.000090  ( 0.005816  0.007398  0.001088)
296:   1420.65   0.000143    0.72  0.000031  (-0.003552 -0.004260 -0.000749)
297:   1420.91   0.000307    1.55  0.000067  (-0.005437 -0.006052 -0.001130)
298:   1422.14   0.000299    1.51  0.000066  ( 0.005982  0.004185  0.003510)
299:   1422.33   0.000485    2.45  0.000107  ( 0.001910  0.001552 -0.010023)
300:   1423.71   0.000415    2.10  0.000091  ( 0.008577 -0.000060  0.004172)
301:   1425.09   0.000164    0.83  0.000036  ( 0.004656 -0.000226  0.003771)
302:   1425.51   0.001305    6.59  0.000286  ( 0.001870  0.001091  0.016762)
303:   1426.16   0.000110    0.56  0.000024  ( 0.002659 -0.001554  0.003819)
304:   1426.77   0.000020    0.10  0.000004  (-0.000674 -0.000920  0.001741)
305:   1427.79   0.000079    0.40  0.000017  (-0.001920 -0.003365 -0.001465)
306:   1430.73   0.000661    3.34  0.000144  (-0.002901  0.011652  0.000061)
307:   1431.78   0.000562    2.84  0.000123  ( 0.007257  0.007432  0.003830)
308:   1433.16   0.000366    1.85  0.000080  ( 0.002647 -0.000826  0.008486)
309:   1433.74   0.000820    4.14  0.000178  (-0.012384  0.000295  0.005003)
310:   1434.33   0.000132    0.67  0.000029  ( 0.001820  0.003256 -0.003838)
311:   1434.91   0.000267    1.35  0.000058  (-0.006070  0.004255 -0.001754)
312:   1435.86   0.000206    1.04  0.000045  ( 0.000088 -0.006315  0.002233)
313:   1437.87   0.000362    1.83  0.000079  (-0.002725  0.002071  0.008178)
314:   1438.61   0.001435    7.25  0.000311  (-0.003075  0.014517 -0.009544)
315:   1439.50   0.000184    0.93  0.000040  (-0.003228 -0.004959 -0.002224)
316:   1440.73   0.000257    1.30  0.000056  ( 0.007341  0.001287  0.000347)
317:   1441.90   0.001686    8.52  0.000365  ( 0.001137  0.002130 -0.018949)
318:   1442.65   0.000523    2.64  0.000113  (-0.003355 -0.005087  0.008715)
319:   1443.28   0.001693    8.55  0.000366  (-0.017048  0.000569  0.008661)
320:   1444.27   0.000118    0.60  0.000026  ( 0.004069  0.002971  0.000443)
321:   1445.99   0.004264   21.55  0.000920  (-0.020082 -0.010079 -0.020382)
322:   1449.47   0.000148    0.75  0.000032  (-0.003346  0.002637 -0.003691)
323:   1450.02   0.000819    4.14  0.000176  ( 0.012029  0.005614 -0.000295)
324:   1455.83   0.002446   12.36  0.000524  (-0.012476  0.019060 -0.002311)
325:   1473.32   0.011236   56.78  0.002380  ( 0.025830  0.007724 -0.040658)
326:   1650.25   0.000928    4.69  0.000176  (-0.009669 -0.007340 -0.005305)
327:   1661.32   0.000472    2.39  0.000089  ( 0.006423  0.002228 -0.006520)
328:   1733.02   0.046599  235.49  0.008391  (-0.088091 -0.018043  0.017481)
329:   1757.87   0.047067  237.86  0.008355  (-0.077972 -0.033321  0.034140)
330:   2869.33   0.010547   53.30  0.001147  (-0.009568 -0.011974 -0.030202)
331:   2893.77   0.002903   14.67  0.000313  ( 0.015429  0.008636 -0.000691)
332:   2898.90   0.000680    3.44  0.000073  ( 0.007009  0.002130 -0.004419)
333:   2899.03   0.000287    1.45  0.000031  ( 0.005191  0.001548  0.001226)
334:   2901.75   0.004227   21.36  0.000455  ( 0.003725 -0.008667  0.019121)
335:   2903.52   0.000362    1.83  0.000039  ( 0.004342  0.003972  0.002080)
336:   2904.84   0.001749    8.84  0.000188  ( 0.009147  0.010194  0.000539)
337:   2904.92   0.004275   21.61  0.000459  ( 0.019564 -0.008279 -0.002828)
338:   2905.43   0.006315   31.91  0.000678  (-0.012456 -0.021473 -0.007877)
339:   2908.72   0.006825   34.49  0.000732  ( 0.026118 -0.001384  0.006942)
340:   2909.81   0.000360    1.82  0.000039  ( 0.005037  0.001268 -0.003403)
341:   2910.04   0.001736    8.77  0.000186  (-0.009063 -0.006191  0.008103)
342:   2910.13   0.003849   19.45  0.000413  ( 0.003986  0.012922 -0.015160)
343:   2911.06   0.004777   24.14  0.000512  (-0.020895  0.007422 -0.004521)
344:   2911.30   0.001405    7.10  0.000151  ( 0.011220  0.004205 -0.002643)
345:   2914.10   0.014005   70.78  0.001500  (-0.037896  0.004799 -0.006374)
346:   2914.63   0.011392   57.57  0.001220  (-0.032691 -0.012256 -0.000904)
347:   2916.11   0.009604   48.53  0.001028  (-0.025454  0.019035  0.004181)
348:   2916.95   0.004532   22.90  0.000485  (-0.012626 -0.009811  0.015139)
349:   2917.29   0.002277   11.50  0.000244  (-0.005495  0.014433 -0.002241)
350:   2919.01   0.003451   17.44  0.000369  ( 0.003046  0.004007  0.018537)
351:   2919.12   0.013995   70.73  0.001496  ( 0.038039  0.000424 -0.007002)
352:   2919.39   0.005841   29.52  0.000624  (-0.018411 -0.004767 -0.016207)
353:   2919.50   0.006054   30.59  0.000647  (-0.014200 -0.007317  0.019796)
354:   2921.17   0.004162   21.04  0.000445  ( 0.007584 -0.003426 -0.019376)
355:   2922.99   0.009685   48.94  0.001034  (-0.014351 -0.001646 -0.028728)
356:   2924.06   0.003965   20.04  0.000423  ( 0.010696 -0.017067 -0.004186)
357:   2925.05   0.005890   29.77  0.000628  ( 0.006643  0.018147  0.015967)
358:   2925.16   0.006100   30.83  0.000651  ( 0.013618 -0.013492  0.016831)
359:   2929.71   0.002670   13.49  0.000284  (-0.015658  0.002433 -0.005767)
360:   2931.71   0.002586   13.07  0.000275  (-0.004186  0.015910  0.002159)
361:   2933.46   0.003084   15.58  0.000328  ( 0.013098 -0.001690 -0.012395)
362:   2935.39   0.008634   43.63  0.000918  (-0.007678  0.014168  0.025656)
363:   2935.66   0.003299   16.67  0.000351  (-0.016355 -0.007638  0.004982)
364:   2936.68   0.000794    4.01  0.000084  ( 0.003582  0.008351 -0.001355)
365:   2938.00   0.003185   16.10  0.000338  (-0.006091  0.011895 -0.012639)
366:   2939.53   0.020747  104.85  0.002203  (-0.045589 -0.011051  0.001435)
367:   2941.46   0.004053   20.48  0.000430  (-0.016662 -0.012303  0.000991)
368:   2941.76   0.004365   22.06  0.000463  (-0.009634  0.017737 -0.007461)
369:   2943.56   0.000188    0.95  0.000020  ( 0.002185  0.003686  0.001270)
370:   2947.06   0.002651   13.40  0.000281  ( 0.009580 -0.000134  0.013744)
371:   2949.34   0.003383   17.10  0.000358  (-0.006687  0.003401 -0.017368)
372:   2949.59   0.011149   56.34  0.001180  (-0.007480  0.025718 -0.021500)
373:   2951.44   0.000530    2.68  0.000056  (-0.002125  0.000708  0.007141)
374:   2952.12   0.002864   14.47  0.000303  (-0.016029  0.004850  0.004723)
375:   2953.10   0.003915   19.79  0.000414  ( 0.012002 -0.012119  0.011084)
376:   2954.88   0.000264    1.33  0.000028  ( 0.002965  0.004236  0.001047)
377:   2956.53   0.005394   27.26  0.000569  (-0.016421  0.010657  0.013644)
378:   2958.97   0.009238   46.68  0.000974  (-0.017265 -0.025413 -0.005514)
379:   2962.16   0.010284   51.97  0.001083  ( 0.016631  0.006071  0.027748)
380:   2962.73   0.001398    7.07  0.000147  (-0.001318  0.011252 -0.004354)
381:   2964.16   0.007326   37.02  0.000771  ( 0.001935  0.024327 -0.013256)
382:   2965.42   0.001858    9.39  0.000196  (-0.013718  0.002383 -0.001295)
383:   2966.79   0.018628   94.14  0.001959  (-0.011582  0.037895  0.019728)
384:   2967.82   0.003158   15.96  0.000332  ( 0.004312 -0.014974 -0.009445)
385:   2969.63   0.002912   14.72  0.000306  ( 0.009201  0.014087 -0.004784)
386:   2973.56   0.010635   53.74  0.001116  ( 0.015563  0.024799  0.016090)
387:   2978.78   0.013850   69.99  0.001451  ( 0.003857  0.037866  0.001510)
388:   2979.28   0.009383   47.42  0.000983  (-0.012268 -0.017355  0.023047)
389:   2979.87   0.001903    9.62  0.000199  ( 0.003538  0.012566  0.005376)
390:   2980.56   0.007799   39.41  0.000817  ( 0.011278 -0.021662 -0.014836)
391:   2982.12   0.000527    2.66  0.000055  ( 0.001643 -0.007043  0.001678)
392:   2986.66   0.001925    9.73  0.000201  (-0.008266 -0.011145 -0.002942)
393:   2988.86   0.003417   17.27  0.000357  ( 0.004667 -0.014595 -0.011044)
394:   2992.20   0.007741   39.12  0.000807  (-0.022294 -0.001202 -0.017574)
395:   2994.14   0.006232   31.49  0.000649  (-0.010409 -0.004372  0.022848)
396:   2994.38   0.007011   35.43  0.000731  ( 0.021902 -0.012700 -0.009470)
397:   2994.93   0.000145    0.73  0.000015  (-0.000433  0.003856 -0.000036)
398:   3001.26   0.003842   19.42  0.000399  (-0.002219 -0.018232  0.007882)
399:   3004.72   0.007445   37.62  0.000773  (-0.014507 -0.022141  0.008516)
400:   3005.73   0.007258   36.68  0.000754  ( 0.022626  0.003778  0.015077)
401:   3007.88   0.003010   15.21  0.000312  ( 0.012381 -0.011826  0.004377)
402:   3015.07   0.001965    9.93  0.000203  (-0.004668  0.013185 -0.002782)
403:   3017.00   0.000286    1.45  0.000030  ( 0.002885 -0.003742 -0.002694)
404:   3035.56   0.005947   30.05  0.000611  (-0.024672 -0.001625 -0.000048)
405:   3042.36   0.005222   26.39  0.000536  (-0.014700  0.012070  0.013184)
406:   3044.12   0.009273   46.86  0.000951  ( 0.026836  0.012685  0.008340)
407:   3051.94   0.000524    2.65  0.000054  ( 0.003445 -0.005507  0.003378)
408:   3061.53   0.000674    3.41  0.000069  (-0.000847  0.002054  0.007988)
409:   3065.57   0.000342    1.73  0.000035  (-0.004814  0.002906 -0.001792)
410:   3069.31   0.000823    4.16  0.000084  ( 0.006901 -0.003548  0.004848)
411:   3080.69   0.001816    9.18  0.000184  ( 0.010090  0.007047 -0.005700)
412:   3083.97   0.003066   15.49  0.000310  ( 0.013456  0.010822 -0.003467)
413:   3088.40   0.005218   26.37  0.000527  ( 0.020899  0.009279 -0.002097)
