 2.383030880423098 0.9902360030342431 300 1_2
 2.826369366231348 0.9902093137636016 278 1_3
 2.9867220201189393 0.9902254095886864 301 1_4
 3.2444515005725587 0.9900397280816947 287 1_5
 2.0194825483795573 0.9900699975881773 314 1_6
 3.254804540201345 0.9900574135458136 309 1_7
 3.3948164586362104 0.9901700181800037 299 1_8
 2.4542816594664747 0.9900346706196386 307 1_9
 2.648259536011027 0.9902081468613901 297 1_10
 2.643853505447965 0.9901593112372514 283 2_3
 3.249342353293884 0.9901547764594425 318 2_4
 3.8297717159005047 0.9900657380507379 276 2_5
 2.5076930546380063 0.9900935676526746 303 2_6
 3.620231862996698 0.9900264849874414 305 2_7
 3.620249261676967 0.9901438994506901 287 2_8
 4.008576564291189 0.9901570795796295 283 2_9
 3.171781674559516 0.9901617116477159 289 2_10
 3.7986767274738886 0.9900766165266152 286 3_4
 2.8365847913036264 0.990137353096862 293 3_5
 2.4907558934014227 0.9900788884793046 297 3_6
 3.8778095321363018 0.9901198492785992 289 3_7
 4.196267166913568 0.9900773213933735 285 3_8
 4.222797246162573 0.9900071622254608 297 3_9
 3.152390586367207 0.9900956472531897 296 3_10
 3.527770395119152 0.990055775241395 290 4_5
 2.467153448673037 0.9901658401771453 292 4_6
 1.1316350190356053 0.990138717910967 312 4_7
 5.29879157583865 0.990030396490408 283 4_8
 4.106497196638755 0.9901221634766434 274 4_9
 1.5566133351954041 0.9900384202861554 305 4_10
 2.4062805453987557 0.9901445157047695 294 5_6
 3.2940806930410518 0.9900337635955536 290 5_7
 5.300383941851113 0.9900592173962447 279 5_8
 4.470397542260125 0.9901309658238442 290 5_9
 2.932801430221432 0.9901381225850789 281 5_10
 2.4986022339828304 0.9900151322461188 289 6_7
 4.6152001541063274 0.9900922354415277 293 6_8
 3.6129135664766823 0.9901021272580404 300 6_9
 1.8250411376823175 0.9900370274405349 302 6_10
 5.645728121642861 0.99017515589657 290 7_8
 4.352146379618219 0.990087487906155 289 7_9
 1.5342193040259848 0.99007482919843 310 7_10
 3.1695620740252477 0.9901480755596788 285 8_9
 5.242898779480059 0.9901941768892392 287 8_10
 3.895004814684087 0.9900351769588392 290 9_10
