  6:      7.25   0.000100    0.50  0.004289  ( 0.039565  0.006763  0.051744)
  7:     10.39   0.000181    0.91  0.005427  ( 0.070459  0.020220  0.007341)
  8:     11.20   0.000087    0.44  0.002423  (-0.047718 -0.012050 -0.000699)
  9:     13.22   0.000277    1.40  0.006540  (-0.064353 -0.015467  0.046472)
 10:     17.55   0.000074    0.37  0.001318  (-0.035515 -0.005710 -0.004880)
 11:     19.97   0.000225    1.14  0.003520  ( 0.052267  0.007721  0.026993)
 12:     21.85   0.000185    0.94  0.002642  ( 0.019046  0.004112 -0.047568)
 13:     26.12   0.000003    0.01  0.000030  ( 0.003074 -0.001364 -0.004380)
 14:     28.91   0.000407    2.06  0.004390  (-0.045731 -0.010417  0.046799)
 15:     29.71   0.000053    0.27  0.000553  (-0.008409 -0.001149 -0.021926)
 16:     34.32   0.000211    1.07  0.001920  ( 0.037796  0.003486 -0.021883)
 17:     39.87   0.000063    0.32  0.000491  (-0.021786 -0.002049  0.003440)
 18:     40.35   0.000019    0.10  0.000147  ( 0.002445 -0.008495  0.008287)
 19:     41.89   0.000024    0.12  0.000181  ( 0.006890 -0.004561  0.010610)
 20:     43.53   0.000090    0.45  0.000644  (-0.009499  0.002750  0.023370)
 21:     46.60   0.000142    0.72  0.000953  (-0.014004 -0.006752  0.026661)
 22:     50.69   0.000218    1.10  0.001343  ( 0.009815  0.000518 -0.035305)
 23:     52.40   0.000100    0.50  0.000594  ( 0.012944  0.002520  0.020497)
 24:     55.22   0.000423    2.14  0.002391  ( 0.004023  0.023079 -0.042925)
 25:     61.94   0.000029    0.15  0.000147  ( 0.007365  0.006851 -0.006779)
 26:     63.93   0.000008    0.04  0.000037  (-0.005043 -0.000357 -0.003334)
 27:     66.41   0.000121    0.61  0.000567  ( 0.010670  0.020755 -0.004726)
 28:     67.45   0.000186    0.94  0.000859  ( 0.019175  0.021354 -0.005961)
 29:     71.79   0.000048    0.24  0.000209  ( 0.009552  0.004830  0.009725)
 30:     75.97   0.001015    5.13  0.004171  ( 0.040408  0.029905  0.040547)
 31:     84.69   0.000155    0.78  0.000572  (-0.014503 -0.018545 -0.004185)
 32:     86.03   0.000134    0.67  0.000484  ( 0.007771  0.007616  0.019131)
 33:     87.35   0.000060    0.30  0.000213  (-0.009974 -0.010565  0.001353)
 34:     88.94   0.000160    0.81  0.000561  (-0.011661 -0.020606 -0.000691)
 35:     94.97   0.000552    2.79  0.001813  ( 0.000901  0.037659  0.019849)
 36:     97.12   0.000206    1.04  0.000662  (-0.013884  0.021264  0.004091)
 37:     99.86   0.000004    0.02  0.000012  (-0.002200 -0.002412  0.001003)
 38:    106.12   0.000136    0.69  0.000400  (-0.015014  0.013206 -0.000219)
 39:    115.89   0.000054    0.27  0.000146  ( 0.004633 -0.009502  0.005852)
 40:    117.30   0.000329    1.66  0.000875  ( 0.009197  0.020645 -0.019092)
 41:    118.58   0.000179    0.91  0.000472  ( 0.015038 -0.006660  0.014200)
 42:    122.32   0.000520    2.63  0.001326  (-0.026091  0.017637 -0.018290)
 43:    127.88   0.000429    2.17  0.001047  (-0.019770  0.012702 -0.022249)
 44:    133.52   0.000010    0.05  0.000023  (-0.004056 -0.001809 -0.001774)
 45:    139.80   0.000572    2.89  0.001277  ( 0.009076 -0.031566  0.014074)
 46:    141.41   0.000146    0.74  0.000322  ( 0.006007 -0.015177  0.007434)
 47:    159.33   0.000476    2.40  0.000931  (-0.002824  0.028269 -0.011145)
 48:    161.67   0.000015    0.08  0.000029  ( 0.004311 -0.003211  0.000571)
 49:    166.26   0.001346    6.80  0.002527  (-0.000420  0.044474 -0.023433)
 50:    171.48   0.000140    0.71  0.000255  (-0.003144 -0.011147  0.011012)
 51:    177.13   0.000149    0.76  0.000263  ( 0.014381 -0.001994 -0.007242)
 52:    180.99   0.000050    0.25  0.000087  ( 0.004348  0.003206 -0.007599)
 53:    187.27   0.001975    9.98  0.003290  ( 0.012041 -0.053870 -0.015597)
 54:    189.46   0.000384    1.94  0.000632  (-0.008820 -0.004624  0.023087)
 55:    198.93   0.000255    1.29  0.000399  ( 0.005226  0.010417 -0.016232)
 56:    210.90   0.000721    3.64  0.001067  ( 0.004760  0.008297 -0.031233)
 57:    214.80   0.000086    0.43  0.000125  (-0.001160 -0.006995 -0.008633)
 58:    224.01   0.000114    0.58  0.000159  (-0.000450 -0.012608 -0.000533)
 59:    227.07   0.000026    0.13  0.000036  ( 0.000653 -0.002841  0.005197)
 60:    236.86   0.001366    6.90  0.001800  ( 0.009148 -0.021581  0.035361)
 61:    246.19   0.000275    1.39  0.000349  ( 0.003060 -0.017424  0.006006)
 62:    248.86   0.001591    8.04  0.001995  ( 0.009815  0.003767  0.043409)
 63:    253.55   0.000221    1.11  0.000272  (-0.002521 -0.004288  0.015709)
 64:    257.69   0.000052    0.26  0.000063  ( 0.003178 -0.003314  0.006437)
 65:    259.82   0.000044    0.22  0.000053  ( 0.003944 -0.005261  0.003069)
 66:    262.64   0.000009    0.04  0.000010  (-0.002848  0.000946  0.001219)
 67:    267.94   0.000593    3.00  0.000690  (-0.016034  0.019776 -0.006489)
 68:    270.21   0.000026    0.13  0.000030  ( 0.002888 -0.004675  0.000107)
 69:    275.96   0.000197    1.00  0.000223  (-0.000862  0.004722 -0.014144)
 70:    277.54   0.000431    2.18  0.000484  (-0.009518 -0.000309  0.019843)
 71:    280.49   0.000387    1.96  0.000431  ( 0.003116 -0.019842  0.005233)
 72:    282.96   0.000104    0.52  0.000114  (-0.003692 -0.009651  0.002728)
 73:    287.64   0.000425    2.15  0.000461  ( 0.019888 -0.003143 -0.007472)
 74:    298.09   0.000226    1.14  0.000236  (-0.002497  0.008022 -0.012868)
 75:    304.07   0.000063    0.32  0.000064  ( 0.000081  0.002107 -0.007748)
 76:    308.09   0.000457    2.31  0.000463  ( 0.009200 -0.013711  0.013801)
 77:    323.98   0.000102    0.52  0.000098  ( 0.006729  0.003259  0.006517)
 78:    329.32   0.000101    0.51  0.000096  ( 0.005109  0.005306  0.006467)
 79:    339.50   0.000198    1.00  0.000182  (-0.002519  0.009637 -0.009079)
 80:    343.55   0.000207    1.05  0.000188  (-0.008838 -0.004070 -0.009676)
 81:    347.30   0.000041    0.21  0.000037  (-0.002464  0.004526 -0.003196)
 82:    348.97   0.000566    2.86  0.000507  (-0.009316  0.019601 -0.005964)
 83:    360.04   0.000193    0.98  0.000167  ( 0.011125  0.006351  0.001768)
 84:    366.56   0.000832    4.20  0.000708  ( 0.019131  0.003738  0.018119)
 85:    375.17   0.000370    1.87  0.000308  (-0.008255 -0.001532  0.015396)
 86:    380.19   0.000431    2.18  0.000353  (-0.002301  0.016796 -0.008123)
 87:    388.77   0.000019    0.09  0.000015  ( 0.002274 -0.000094  0.003111)
 88:    394.48   0.000004    0.02  0.000003  ( 0.000891  0.000973  0.001048)
 89:    403.77   0.000860    4.35  0.000665  ( 0.018057  0.001259 -0.018355)
 90:    424.15   0.004893   24.73  0.003600  ( 0.019818 -0.043069  0.036777)
 91:    428.18   0.000465    2.35  0.000339  (-0.002379 -0.018209  0.001161)
 92:    429.26   0.000620    3.13  0.000451  ( 0.008497 -0.013858 -0.013660)
 93:    443.85   0.000060    0.30  0.000042  (-0.001768  0.002006 -0.005923)
 94:    445.03   0.001031    5.21  0.000723  (-0.006068  0.016240 -0.020552)
 95:    453.02   0.000426    2.16  0.000294  (-0.000781 -0.005430  0.016238)
 96:    454.79   0.002658   13.43  0.001824  (-0.010395  0.028130 -0.030405)
 97:    461.83   0.002714   13.71  0.001834  ( 0.002565  0.007783 -0.042031)
 98:    469.05   0.000163    0.83  0.000109  ( 0.002821 -0.009991  0.000970)
 99:    492.76   0.004528   22.88  0.002867  ( 0.019899 -0.040625  0.028655)
100:    502.98   0.000098    0.50  0.000061  ( 0.000309 -0.007060  0.003339)
101:    511.71   0.000175    0.88  0.000107  (-0.005776 -0.001223  0.008473)
102:    518.25   0.000191    0.96  0.000115  (-0.002919 -0.001640  0.010186)
103:    520.11   0.002347   11.86  0.001408  ( 0.016313  0.011789 -0.031674)
104:    533.12   0.000753    3.80  0.000441  ( 0.012970 -0.006211 -0.015289)
105:    551.76   0.003501   17.69  0.001980  ( 0.035497 -0.024807  0.010237)
106:    563.72   0.000272    1.37  0.000150  (-0.007787 -0.009443 -0.000752)
107:    565.00   0.000389    1.97  0.000215  (-0.002777  0.007194 -0.012462)
108:    573.44   0.042194  213.23  0.022962  ( 0.015449 -0.133244 -0.070494)
109:    579.75   0.000807    4.08  0.000434  ( 0.015080 -0.005791  0.013174)
110:    582.75   0.006760   34.16  0.003620  (-0.017605 -0.008417 -0.056913)
111:    593.94   0.000119    0.60  0.000063  (-0.005502  0.001923  0.005344)
112:    610.24   0.004143   20.94  0.002119  (-0.030008 -0.010085 -0.033416)
113:    673.02   0.000353    1.78  0.000164  ( 0.008106  0.006859 -0.007139)
114:    690.66   0.027340  138.17  0.012353  ( 0.017627 -0.092596  0.058894)
115:    701.73   0.025326  127.99  0.011263  ( 0.035392 -0.087959  0.047679)
116:    713.40   0.000707    3.57  0.000309  (-0.004133  0.010329 -0.013612)
117:    714.00   0.002005   10.13  0.000876  (-0.008867  0.025138 -0.012873)
118:    724.94   0.001100    5.56  0.000474  ( 0.017102  0.013459 -0.000112)
119:    726.19   0.001288    6.51  0.000553  (-0.017701  0.013600 -0.007415)
120:    728.08   0.005358   27.08  0.002297  ( 0.032441  0.018231  0.030197)
121:    733.51   0.002945   14.88  0.001253  ( 0.032025  0.013887 -0.005879)
122:    735.59   0.000524    2.65  0.000222  (-0.008683 -0.001403  0.012031)
123:    740.45   0.000748    3.78  0.000315  (-0.008368 -0.015659 -0.000283)
124:    742.69   0.002934   14.82  0.001233  (-0.025273 -0.016405  0.018022)
125:    749.12   0.001264    6.39  0.000527  ( 0.006116 -0.001076  0.022093)
126:    750.67   0.000815    4.12  0.000339  ( 0.001446  0.005895 -0.017373)
127:    755.26   0.000219    1.11  0.000090  (-0.005162 -0.006627  0.004450)
128:    774.46   0.000428    2.16  0.000173  (-0.000981 -0.001704 -0.012989)
129:    775.78   0.000826    4.17  0.000332  ( 0.016224  0.000599 -0.008284)
130:    786.64   0.001457    7.36  0.000578  (-0.022711 -0.004794  0.006267)
131:    796.46   0.006857   34.65  0.002687  (-0.012572 -0.029852  0.040464)
132:    797.50   0.003481   17.59  0.001362  ( 0.015694  0.027496 -0.018965)
133:    804.74   0.000837    4.23  0.000325  (-0.010817 -0.007256 -0.012454)
134:    805.42   0.000358    1.81  0.000139  (-0.003282  0.003866 -0.010626)
135:    815.34   0.000189    0.95  0.000072  ( 0.007217 -0.004330 -0.001216)
136:    819.96   0.000034    0.17  0.000013  ( 0.003004 -0.001047  0.001678)
137:    824.43   0.000658    3.32  0.000249  (-0.007586 -0.009298  0.010248)
138:    831.44   0.000045    0.23  0.000017  ( 0.000352 -0.001647  0.003766)
139:    837.36   0.001241    6.27  0.000463  (-0.005419 -0.018161  0.010165)
140:    856.62   0.000440    2.22  0.000160  (-0.010289 -0.006647  0.003196)
141:    857.22   0.000611    3.09  0.000222  (-0.002077  0.010883  0.009980)
142:    868.28   0.000132    0.67  0.000048  (-0.003965 -0.004670  0.003175)
143:    869.69   0.000199    1.01  0.000072  ( 0.004325 -0.006890 -0.002325)
144:    871.00   0.000195    0.99  0.000070  ( 0.003148  0.001086  0.007665)
145:    875.24   0.000125    0.63  0.000045  ( 0.003997 -0.001899  0.005015)
146:    886.37   0.000081    0.41  0.000028  ( 0.002606 -0.004657  0.000060)
147:    892.06   0.003640   18.39  0.001273  ( 0.004029 -0.028734 -0.020769)
148:    892.95   0.000274    1.38  0.000096  ( 0.008299 -0.005120 -0.000756)
149:    899.83   0.001144    5.78  0.000397  (-0.017851  0.000963  0.008778)
150:    900.66   0.002137   10.80  0.000740  (-0.001764  0.000727  0.027142)
151:    910.24   0.001858    9.39  0.000637  ( 0.002025 -0.002817  0.024998)
152:    916.44   0.004281   21.63  0.001458  (-0.027391  0.026338 -0.003719)
153:    921.74   0.000529    2.67  0.000179  ( 0.000662 -0.013358 -0.000305)
154:    928.69   0.005206   26.31  0.001749  ( 0.029410 -0.014174  0.026142)
155:    932.67   0.001982   10.02  0.000663  ( 0.011273  0.004003  0.022806)
156:    935.36   0.003417   17.27  0.001140  (-0.008199  0.010544  0.031009)
157:    938.94   0.001448    7.32  0.000481  (-0.015983  0.001416  0.014961)
158:    939.99   0.001451    7.33  0.000482  ( 0.018847  0.000613  0.011235)
159:    950.27   0.000808    4.08  0.000265  (-0.012927  0.007494 -0.006490)
160:    950.84   0.000960    4.85  0.000315  (-0.013942  0.010309 -0.003776)
161:    969.71   0.000197    1.00  0.000063  ( 0.007795 -0.001493 -0.000618)
162:    971.02   0.008915   45.05  0.002865  ( 0.029295 -0.014301  0.042455)
163:    975.49   0.010287   51.98  0.003291  ( 0.033151 -0.008669  0.046006)
164:    978.76   0.000029    0.15  0.000009  (-0.001049  0.001530 -0.002401)
165:    979.95   0.002337   11.81  0.000744  ( 0.009361 -0.006836  0.024696)
166:    988.41   0.000276    1.40  0.000087  ( 0.006135  0.003226  0.006256)
167:    988.99   0.000182    0.92  0.000057  ( 0.003148  0.001595 -0.006711)
168:    993.15   0.000085    0.43  0.000027  (-0.005043  0.000078 -0.001100)
169:    993.68   0.000697    3.52  0.000219  (-0.012255  0.008263 -0.000700)
170:    995.80   0.001022    5.17  0.000320  ( 0.008132 -0.001810 -0.015840)
171:   1009.09   0.000732    3.70  0.000226  (-0.002107  0.003525 -0.014476)
172:   1015.54   0.043394  219.29  0.013334  (-0.026635  0.054300 -0.098369)
173:   1016.70   0.000607    3.07  0.000186  (-0.003638  0.010074 -0.008465)
174:   1017.72   0.017981   90.87  0.005513  (-0.006949  0.032429 -0.066434)
175:   1019.55   0.000793    4.01  0.000243  ( 0.004525  0.006512 -0.013415)
176:   1026.07   0.008230   41.59  0.002503  ( 0.017336 -0.011367  0.045535)
177:   1028.10   0.006730   34.01  0.002043  (-0.013685  0.018313  0.038989)
178:   1030.78   0.000274    1.38  0.000083  (-0.006603  0.005757  0.002481)
179:   1032.47   0.000575    2.91  0.000174  (-0.008448 -0.004601 -0.009017)
180:   1032.79   0.000210    1.06  0.000063  ( 0.000401 -0.001405  0.007831)
181:   1037.94   0.013648   68.97  0.004103  (-0.055282  0.029307 -0.013730)
182:   1039.59   0.007794   39.39  0.002340  (-0.040436  0.026416  0.002575)
183:   1040.43   0.002230   11.27  0.000669  (-0.024269  0.005532 -0.007015)
184:   1049.81   0.000027    0.14  0.000008  (-0.000612  0.001892 -0.002037)
185:   1051.58   0.000078    0.39  0.000023  ( 0.001118 -0.000160 -0.004664)
186:   1054.88   0.003654   18.46  0.001081  ( 0.020208 -0.019136  0.017503)
187:   1055.69   0.000087    0.44  0.000026  ( 0.005040 -0.000572  0.000169)
188:   1057.43   0.000500    2.53  0.000148  (-0.009783  0.000860 -0.007150)
189:   1061.73   0.000407    2.06  0.000120  (-0.005293  0.008873  0.003599)
190:   1062.69   0.003637   18.38  0.001068  (-0.022977  0.022599 -0.005404)
191:   1065.92   0.000221    1.12  0.000065  (-0.003993  0.006818 -0.001537)
192:   1068.72   0.005904   29.84  0.001724  ( 0.034008 -0.015068 -0.018449)
193:   1070.44   0.000201    1.01  0.000058  (-0.001765 -0.002836 -0.006878)
194:   1080.13   0.002748   13.89  0.000794  ( 0.026443 -0.008539 -0.004674)
195:   1081.11   0.002140   10.82  0.000618  ( 0.008307 -0.003181 -0.023210)
196:   1093.26   0.002932   14.82  0.000837  ( 0.021964 -0.016588 -0.008911)
197:   1097.10   0.000111    0.56  0.000032  (-0.005109  0.001825 -0.001462)
198:   1099.80   0.002366   11.96  0.000671  ( 0.005261  0.014847  0.020574)
199:   1102.47   0.000233    1.18  0.000066  (-0.007974 -0.001550  0.000220)
200:   1108.11   0.000700    3.54  0.000197  (-0.008247  0.011303 -0.001165)
201:   1108.97   0.001706    8.62  0.000480  (-0.013504 -0.002706 -0.017037)
202:   1116.54   0.014811   74.85  0.004139  (-0.050615  0.005944 -0.039271)
203:   1121.04   0.000602    3.04  0.000168  (-0.008594  0.004755  0.008429)
204:   1122.06   0.002459   12.43  0.000684  (-0.018611  0.006539  0.017171)
205:   1131.74   0.054028  273.03  0.014897  ( 0.096462 -0.010395  0.074057)
206:   1151.09   0.002780   14.05  0.000754  (-0.024137  0.012901  0.002176)
207:   1155.53   0.004481   22.64  0.001210  (-0.007041  0.002371  0.033983)
208:   1161.56   0.035001  176.88  0.009403  ( 0.040914 -0.008580 -0.087497)
209:   1175.55   0.000692    3.50  0.000184  (-0.005156 -0.001538 -0.012444)
210:   1175.94   0.003511   17.75  0.000932  (-0.017259 -0.001028  0.025158)
211:   1179.71   0.001840    9.30  0.000487  ( 0.009830  0.002682  0.019568)
212:   1189.67   0.004296   21.71  0.001127  ( 0.023847 -0.020735 -0.011328)
213:   1190.26   0.003161   15.98  0.000829  ( 0.018872  0.000879  0.021724)
214:   1194.88   0.000315    1.59  0.000082  ( 0.007634  0.001067  0.004786)
215:   1197.01   0.000449    2.27  0.000117  ( 0.010179  0.000460 -0.003631)
216:   1205.09   0.005670   28.65  0.001468  ( 0.021336 -0.006129 -0.031231)
217:   1206.33   0.011388   57.55  0.002946  ( 0.022121 -0.008688 -0.048797)
218:   1218.07   0.000683    3.45  0.000175  ( 0.008952 -0.006995  0.006779)
219:   1224.90   0.000190    0.96  0.000048  ( 0.003813  0.003712 -0.004488)
220:   1228.24   0.001749    8.84  0.000444  ( 0.010769  0.001209  0.018084)
221:   1232.18   0.000089    0.45  0.000023  (-0.003754  0.001513 -0.002494)
222:   1235.03   0.011402   57.62  0.002881  (-0.049994  0.013354  0.014259)
223:   1240.34   0.000535    2.71  0.000135  ( 0.006140  0.008350 -0.005222)
224:   1242.10   0.004465   22.56  0.001122  ( 0.020023 -0.005409 -0.026298)
225:   1242.29   0.002174   10.99  0.000546  (-0.006988  0.001096 -0.022276)
226:   1243.39   0.023173  117.11  0.005816  ( 0.072374 -0.017855 -0.016098)
227:   1249.86   0.000993    5.02  0.000248  ( 0.000192 -0.003804 -0.015278)
228:   1252.56   0.000252    1.27  0.000063  (-0.002730  0.002536 -0.006996)
229:   1253.87   0.003593   18.16  0.000894  ( 0.027440 -0.001238 -0.011827)
230:   1253.95   0.001798    9.09  0.000447  (-0.020941 -0.002865  0.000837)
231:   1257.40   0.001242    6.27  0.000308  (-0.003357 -0.013284  0.010973)
232:   1259.99   0.000876    4.43  0.000217  (-0.001735 -0.013205  0.006289)
233:   1261.68   0.001770    8.94  0.000438  ( 0.018683  0.008405 -0.004243)
234:   1266.51   0.000003    0.01  0.000001  (-0.000318  0.000018  0.000779)
235:   1269.63   0.000749    3.79  0.000184  ( 0.006681  0.006924  0.009573)
236:   1274.53   0.000220    1.11  0.000054  ( 0.005228  0.004176 -0.003013)
237:   1275.30   0.001008    5.10  0.000247  (-0.015321 -0.000492 -0.003434)
238:   1277.28   0.000435    2.20  0.000106  (-0.009343 -0.001426  0.004103)
239:   1277.85   0.001819    9.19  0.000444  ( 0.014215 -0.014274  0.006193)
240:   1279.23   0.006698   33.85  0.001634  (-0.020027 -0.001288  0.035087)
241:   1284.36   0.000613    3.10  0.000149  ( 0.003308 -0.008725 -0.007860)
242:   1285.20   0.000108    0.54  0.000026  ( 0.003871  0.001440 -0.003010)
243:   1286.50   0.000028    0.14  0.000007  (-0.002321 -0.000931 -0.000665)
244:   1287.51   0.004062   20.53  0.000985  ( 0.025166  0.009964  0.015876)
245:   1288.81   0.000019    0.09  0.000005  ( 0.000148  0.001328  0.001650)
246:   1289.33   0.000709    3.58  0.000172  ( 0.005506 -0.003722  0.011291)
247:   1290.15   0.004907   24.80  0.001187  (-0.019938  0.004947 -0.027658)
248:   1293.32   0.001154    5.83  0.000278  ( 0.009164 -0.007757  0.011588)
249:   1297.02   0.002008   10.15  0.000483  ( 0.002152 -0.000012  0.021876)
250:   1297.63   0.000982    4.96  0.000236  ( 0.012831  0.006631  0.005248)
251:   1300.37   0.000424    2.14  0.000102  ( 0.006895 -0.000838 -0.007309)
252:   1301.74   0.003249   16.42  0.000779  (-0.007111  0.014338  0.022861)
253:   1307.46   0.001266    6.40  0.000302  ( 0.014006 -0.010190  0.001432)
254:   1309.47   0.004866   24.59  0.001160  (-0.017760 -0.003995  0.028778)
255:   1312.27   0.000026    0.13  0.000006  ( 0.002215  0.000070 -0.001166)
256:   1313.35   0.000481    2.43  0.000114  ( 0.006909 -0.003939 -0.007141)
257:   1318.14   0.000331    1.67  0.000078  (-0.003412  0.002379  0.007810)
258:   1330.66   0.000068    0.34  0.000016  ( 0.002923  0.002249  0.001504)
259:   1333.09   0.000413    2.09  0.000097  (-0.002750  0.000765 -0.009405)
260:   1334.24   0.002003   10.12  0.000468  (-0.007729  0.000329  0.020214)
261:   1336.50   0.001169    5.91  0.000273  ( 0.008418 -0.005551  0.013092)
262:   1337.80   0.001313    6.64  0.000306  (-0.000522  0.009449  0.014722)
263:   1339.27   0.001770    8.95  0.000413  ( 0.004747  0.017072  0.009928)
264:   1347.64   0.006499   32.84  0.001505  (-0.005583 -0.009591  0.037173)
265:   1349.25   0.001027    5.19  0.000237  (-0.015300  0.001338 -0.001250)
266:   1350.46   0.001399    7.07  0.000323  ( 0.006398  0.006943  0.015300)
267:   1352.65   0.002220   11.22  0.000512  ( 0.002619  0.020645 -0.008897)
268:   1354.28   0.000819    4.14  0.000189  (-0.002108  0.000076  0.013572)
269:   1354.37   0.005203   26.29  0.001199  ( 0.027705 -0.004288 -0.020320)
270:   1356.78   0.001722    8.70  0.000396  (-0.008422 -0.017027  0.005943)
271:   1358.18   0.000170    0.86  0.000039  (-0.004034  0.000514  0.004745)
272:   1359.46   0.000126    0.64  0.000029  ( 0.000320 -0.001708  0.005090)
273:   1360.19   0.001525    7.71  0.000350  ( 0.017039 -0.000464 -0.007697)
274:   1363.13   0.000148    0.75  0.000034  (-0.005522  0.000122  0.001855)
275:   1363.32   0.000110    0.55  0.000025  (-0.001251  0.003181  0.003663)
276:   1363.49   0.000248    1.25  0.000057  (-0.004418 -0.006070 -0.000662)
277:   1368.32   0.004152   20.98  0.000947  (-0.006935  0.000759 -0.029971)
278:   1378.37   0.001237    6.25  0.000280  ( 0.009937 -0.012871  0.003968)
279:   1384.59   0.000796    4.02  0.000179  ( 0.003394 -0.004547  0.012131)
280:   1385.06   0.002175   10.99  0.000490  (-0.004600  0.020971  0.005392)
281:   1390.93   0.000123    0.62  0.000028  (-0.002222  0.004426  0.001727)
282:   1391.74   0.000166    0.84  0.000037  (-0.006013 -0.000861 -0.000629)
283:   1393.07   0.000012    0.06  0.000003  ( 0.001227 -0.000414  0.000979)
284:   1396.72   0.000461    2.33  0.000103  ( 0.006415 -0.007272 -0.002984)
285:   1409.35   0.000860    4.35  0.000191  (-0.004484  0.011748 -0.005693)
286:   1409.84   0.001532    7.74  0.000339  ( 0.008447  0.009023 -0.013648)
287:   1411.49   0.000530    2.68  0.000117  (-0.001700  0.010675  0.000606)
288:   1414.82   0.000601    3.04  0.000133  ( 0.000935  0.001531 -0.011373)
289:   1415.51   0.000149    0.75  0.000033  ( 0.005670 -0.000463 -0.000663)
290:   1416.04   0.000741    3.75  0.000163  (-0.007675 -0.006221 -0.008110)
291:   1416.11   0.000413    2.09  0.000091  (-0.002932 -0.004159  0.008064)
292:   1417.52   0.000038    0.19  0.000008  ( 0.001317  0.001077 -0.002341)
293:   1418.50   0.000135    0.68  0.000030  ( 0.004575  0.001554  0.002504)
294:   1419.92   0.001789    9.04  0.000393  (-0.009203  0.012553 -0.012281)
295:   1420.08   0.000153    0.77  0.000034  ( 0.005587 -0.001032  0.001135)
296:   1420.46   0.000595    3.01  0.000131  ( 0.009526  0.001685  0.006101)
297:   1420.97   0.002548   12.88  0.000560  (-0.015495  0.013841 -0.011309)
298:   1422.03   0.000173    0.88  0.000038  ( 0.001707 -0.004492  0.003863)
299:   1422.93   0.000328    1.66  0.000072  (-0.007470 -0.003121  0.002532)
300:   1424.27   0.000877    4.43  0.000192  ( 0.006287  0.010630  0.006301)
301:   1425.30   0.000261    1.32  0.000057  (-0.003343  0.004612  0.004962)
302:   1426.47   0.000391    1.98  0.000086  ( 0.002934 -0.006667 -0.005700)
303:   1426.68   0.001203    6.08  0.000263  ( 0.014212 -0.004649  0.006283)
304:   1427.65   0.000594    3.00  0.000130  ( 0.006028  0.009530 -0.001660)
305:   1428.41   0.000088    0.44  0.000019  ( 0.001096  0.000621 -0.004193)
306:   1428.81   0.000609    3.08  0.000133  (-0.007113 -0.008276  0.003733)
307:   1429.35   0.001286    6.50  0.000281  ( 0.001020  0.008972  0.014113)
308:   1429.51   0.000823    4.16  0.000180  (-0.010306 -0.002552 -0.008182)
309:   1430.34   0.001173    5.93  0.000256  (-0.009833 -0.012608  0.000600)
310:   1431.15   0.002134   10.78  0.000465  ( 0.002000 -0.007382  0.020171)
311:   1431.71   0.000153    0.77  0.000033  ( 0.000806 -0.004754 -0.003188)
312:   1432.09   0.001426    7.20  0.000311  ( 0.010478 -0.013963 -0.002429)
313:   1432.22   0.000388    1.96  0.000085  (-0.007287 -0.003189  0.004611)
314:   1434.46   0.000196    0.99  0.000043  ( 0.004806 -0.004280  0.001095)
315:   1434.76   0.000150    0.76  0.000033  ( 0.000894 -0.003500 -0.004430)
316:   1435.05   0.000679    3.43  0.000148  (-0.002515 -0.000376  0.011880)
317:   1439.22   0.000761    3.85  0.000165  ( 0.005287 -0.009871 -0.006297)
318:   1442.23   0.001339    6.77  0.000290  ( 0.003136 -0.000481  0.016725)
319:   1444.08   0.000064    0.32  0.000014  ( 0.002681  0.001011  0.002369)
320:   1444.62   0.000955    4.82  0.000206  ( 0.010115  0.010138  0.001054)
321:   1445.78   0.000188    0.95  0.000040  ( 0.002421 -0.004411 -0.003895)
322:   1446.58   0.000099    0.50  0.000021  (-0.003947  0.000924 -0.002232)
323:   1447.89   0.006337   32.02  0.001366  ( 0.017004 -0.031895  0.007706)
324:   1455.66   0.002013   10.17  0.000432  ( 0.002581 -0.013607 -0.015484)
325:   1471.79   0.013180   66.60  0.002794  (-0.012982 -0.046661  0.021182)
326:   1660.04   0.000399    2.02  0.000075  ( 0.003045  0.006052  0.005393)
327:   1663.64   0.000468    2.37  0.000088  ( 0.001595  0.004489 -0.008071)
328:   1741.78   0.036709  185.51  0.006577  ( 0.017895 -0.079095  0.000753)
329:   1756.02   0.039173  197.97  0.006962  (-0.064862  0.051464  0.010296)
330:   2900.65   0.003945   19.93  0.000424  ( 0.015335 -0.007230  0.011702)
331:   2901.32   0.002260   11.42  0.000243  (-0.004263 -0.009491 -0.011614)
332:   2901.54   0.002761   13.95  0.000297  (-0.002815  0.011079 -0.012895)
333:   2901.98   0.001322    6.68  0.000142  (-0.002158  0.009012 -0.007505)
334:   2902.63   0.000501    2.53  0.000054  ( 0.003244 -0.000579 -0.006555)
335:   2903.30   0.000961    4.86  0.000103  ( 0.005462  0.004060  0.007548)
336:   2904.60   0.002978   15.05  0.000320  (-0.009613  0.012864 -0.007879)
337:   2904.72   0.006262   31.65  0.000673  (-0.021167 -0.012975 -0.007510)
338:   2905.47   0.004705   23.78  0.000505  ( 0.011708  0.000474 -0.019184)
339:   2906.64   0.001569    7.93  0.000168  (-0.005516  0.008385 -0.008231)
340:   2907.56   0.004548   22.99  0.000488  ( 0.013533 -0.012347 -0.012352)
341:   2910.12   0.002022   10.22  0.000217  ( 0.010441 -0.010159  0.002159)
342:   2910.29   0.002658   13.43  0.000285  (-0.003166 -0.013947  0.008973)
343:   2911.46   0.003770   19.05  0.000404  ( 0.016544  0.006109 -0.009645)
344:   2911.64   0.002801   14.15  0.000300  ( 0.000569 -0.016600 -0.004932)
345:   2912.20   0.007008   35.42  0.000751  ( 0.005730  0.005379 -0.026252)
346:   2913.74   0.010347   52.29  0.001108  (-0.015116  0.027860 -0.010172)
347:   2914.03   0.001953    9.87  0.000209  ( 0.013292 -0.002576  0.005082)
348:   2915.05   0.007754   39.19  0.000830  ( 0.025998  0.012296  0.001736)
349:   2916.41   0.006383   32.26  0.000683  ( 0.011797 -0.014179 -0.018515)
350:   2916.91   0.016243   82.08  0.001738  (-0.011690  0.015716  0.036798)
351:   2919.37   0.007223   36.50  0.000772  (-0.026403  0.002528 -0.008284)
352:   2919.49   0.003808   19.24  0.000407  ( 0.019533  0.002965  0.004087)
353:   2922.01   0.005597   28.28  0.000598  ( 0.012752  0.012196 -0.016921)
354:   2922.96   0.014763   74.61  0.001576  ( 0.014114 -0.013140  0.034702)
355:   2928.61   0.006157   31.12  0.000656  (-0.010111  0.012368  0.020022)
356:   2929.41   0.009275   46.87  0.000988  ( 0.028802 -0.004443  0.011781)
357:   2929.82   0.004432   22.40  0.000472  (-0.013727 -0.012960  0.010755)
358:   2930.97   0.005559   28.09  0.000592  ( 0.020562  0.006064  0.011502)
359:   2932.42   0.001609    8.13  0.000171  ( 0.013032  0.001124 -0.000351)
360:   2934.07   0.000660    3.34  0.000070  ( 0.003917  0.000902  0.007354)
361:   2934.15   0.001263    6.38  0.000134  (-0.002864 -0.009255  0.006358)
362:   2935.10   0.002225   11.24  0.000237  ( 0.005647  0.011602  0.008371)
363:   2935.52   0.004331   21.89  0.000460  (-0.001647  0.005610  0.020645)
364:   2938.53   0.006102   30.84  0.000648  (-0.013843 -0.020205 -0.006939)
365:   2939.73   0.002854   14.42  0.000303  ( 0.013102 -0.010974  0.003292)
366:   2940.18   0.005128   25.92  0.000544  (-0.018596  0.011087  0.008691)
367:   2940.51   0.002346   11.86  0.000249  (-0.004112  0.014761  0.003770)
368:   2940.79   0.002928   14.79  0.000311  (-0.010076  0.011723  0.008467)
369:   2942.86   0.002363   11.94  0.000251  (-0.003654  0.015334 -0.001451)
370:   2944.94   0.004393   22.20  0.000466  ( 0.015374  0.008109 -0.012783)
371:   2947.17   0.006505   32.87  0.000689  (-0.017587  0.015181  0.012208)
372:   2950.76   0.006741   34.07  0.000713  ( 0.008844 -0.021354 -0.013368)
373:   2953.09   0.004290   21.68  0.000453  (-0.011345 -0.004896 -0.017340)
374:   2954.00   0.000856    4.33  0.000090  (-0.005311 -0.000666 -0.007862)
375:   2957.16   0.002900   14.66  0.000306  ( 0.004820  0.009909  0.013588)
376:   2959.02   0.000099    0.50  0.000010  (-0.001067 -0.000492 -0.003002)
377:   2959.75   0.008037   40.62  0.000847  (-0.024147  0.013611 -0.008894)
378:   2961.11   0.000403    2.03  0.000042  (-0.000888 -0.006368  0.001042)
379:   2962.92   0.013423   67.83  0.001414  ( 0.031300  0.009879  0.018342)
380:   2964.13   0.000945    4.78  0.000099  (-0.005560  0.000495 -0.008266)
381:   2964.27   0.003289   16.62  0.000346  (-0.003740 -0.015160  0.010123)
382:   2965.68   0.001012    5.12  0.000107  (-0.006183 -0.000790 -0.008227)
383:   2969.85   0.022746  114.95  0.002390  ( 0.000105  0.047124 -0.013015)
384:   2972.42   0.010371   52.41  0.001089  ( 0.005395 -0.032175  0.004954)
385:   2972.88   0.000555    2.80  0.000058  (-0.004982  0.000417 -0.005765)
386:   2973.77   0.009226   46.62  0.000968  (-0.007294 -0.017505 -0.024669)
387:   2974.41   0.016124   81.49  0.001692  ( 0.002197 -0.021439  0.035032)
388:   2974.68   0.005749   29.05  0.000603  ( 0.012588 -0.021045  0.001334)
389:   2975.20   0.003459   17.48  0.000363  (-0.011156  0.015016 -0.003585)
390:   2977.68   0.003150   15.92  0.000330  (-0.006834 -0.015857  0.005653)
391:   2980.01   0.005699   28.80  0.000597  ( 0.003385  0.019714 -0.014024)
392:   2980.71   0.006880   34.77  0.000720  (-0.017821  0.001867 -0.019982)
393:   2986.84   0.006185   31.25  0.000646  (-0.009716  0.020022  0.012284)
394:   2988.99   0.002353   11.89  0.000246  (-0.006998  0.002460  0.013809)
395:   2992.64   0.008156   41.22  0.000850  (-0.022091 -0.006155 -0.018017)
396:   2994.44   0.009062   45.80  0.000944  ( 0.000960 -0.021981 -0.021455)
397:   2994.83   0.003707   18.73  0.000386  (-0.017177 -0.009469  0.001252)
398:   2996.06   0.007280   36.79  0.000758  (-0.003610  0.015427 -0.022523)
399:   2999.37   0.006431   32.50  0.000669  ( 0.010220 -0.022349 -0.008074)
400:   3002.87   0.002040   10.31  0.000212  (-0.000501 -0.011847  0.008452)
401:   3014.53   0.000028    0.14  0.000003  (-0.001254 -0.000819 -0.000800)
402:   3014.73   0.005938   30.01  0.000615  ( 0.009283 -0.022831  0.002685)
403:   3016.90   0.001759    8.89  0.000182  (-0.007438  0.010090 -0.004984)
404:   3018.94   0.001469    7.42  0.000152  (-0.010854 -0.002537  0.005253)
405:   3039.84   0.001066    5.39  0.000109  (-0.002048 -0.010220  0.000906)
406:   3039.94   0.006004   30.34  0.000616  (-0.006061  0.017976  0.016015)
407:   3047.95   0.004821   24.36  0.000494  ( 0.000089  0.013542 -0.017612)
408:   3060.80   0.000079    0.40  0.000008  (-0.001179 -0.000877  0.002433)
409:   3065.96   0.001748    8.83  0.000178  ( 0.004985  0.006740 -0.010374)
410:   3073.16   0.000558    2.82  0.000057  ( 0.002605 -0.006349 -0.003098)
411:   3078.18   0.000960    4.85  0.000097  (-0.006624  0.006564  0.003219)
412:   3089.77   0.000590    2.98  0.000060  ( 0.002538 -0.007190  0.001218)
413:   3099.47   0.003379   17.07  0.000340  ( 0.011179 -0.012563  0.007576)
