  6:      5.40   0.000033    0.17  0.001904  (-0.042446 -0.008547 -0.005422)
  7:     11.39   0.000140    0.71  0.003849  ( 0.006040  0.051034  0.034762)
  8:     13.57   0.000356    1.80  0.008176  ( 0.086058  0.009179  0.026189)
  9:     16.68   0.000296    1.50  0.005543  (-0.040953  0.052372  0.033512)
 10:     17.69   0.000009    0.04  0.000153  (-0.012262  0.001546  0.000820)
 11:     20.63   0.000148    0.75  0.002233  (-0.032039  0.033547  0.009001)
 12:     23.34   0.000213    1.08  0.002850  (-0.024186  0.041096  0.024009)
 13:     24.58   0.000213    1.08  0.002710  (-0.045708 -0.001728 -0.024859)
 14:     26.85   0.000123    0.62  0.001426  ( 0.032404 -0.019157  0.003010)
 15:     31.24   0.000151    0.76  0.001511  (-0.009398  0.033168  0.017972)
 16:     35.45   0.000135    0.68  0.001185  ( 0.002958  0.030095  0.016442)
 17:     39.54   0.000374    1.89  0.002948  (-0.013014 -0.047121 -0.023632)
 18:     44.90   0.000065    0.33  0.000454  (-0.011950 -0.016560  0.006093)
 19:     46.04   0.000255    1.29  0.001731  (-0.023528  0.009657 -0.032922)
 20:     47.92   0.000025    0.13  0.000164  (-0.008343 -0.001148 -0.009622)
 21:     52.97   0.000086    0.43  0.000507  ( 0.012102  0.002980  0.018752)
 22:     54.18   0.000493    2.49  0.002841  ( 0.026294 -0.005554  0.046032)
 23:     54.82   0.000138    0.70  0.000785  (-0.012518 -0.007908 -0.023789)
 24:     56.46   0.000035    0.18  0.000194  ( 0.002284  0.006655  0.012025)
 25:     60.98   0.000039    0.20  0.000200  (-0.013229  0.004636  0.001842)
 26:     64.06   0.000170    0.86  0.000828  ( 0.024929 -0.012008  0.007908)
 27:     65.89   0.000071    0.36  0.000335  (-0.011653 -0.004367  0.013406)
 28:     70.53   0.000176    0.89  0.000779  (-0.021124  0.003610  0.017872)
 29:     76.22   0.000134    0.67  0.000547  ( 0.004129  0.003826  0.022693)
 30:     77.61   0.000183    0.92  0.000734  ( 0.011573  0.011922 -0.021395)
 31:     80.13   0.000369    1.87  0.001438  (-0.002412  0.020427  0.031852)
 32:     84.71   0.000020    0.10  0.000073  (-0.008537  0.000468  0.000212)
 33:     85.69   0.000256    1.29  0.000932  ( 0.008432  0.008024  0.028227)
 34:     94.96   0.000794    4.02  0.002611  ( 0.007239 -0.002922  0.050497)
 35:     99.40   0.000070    0.36  0.000221  ( 0.000492  0.002367 -0.014664)
 36:    110.24   0.000374    1.89  0.001058  (-0.017176 -0.003700 -0.027379)
 37:    116.27   0.000105    0.53  0.000283  ( 0.014920  0.005640  0.005353)
 38:    118.11   0.000038    0.19  0.000101  ( 0.003495 -0.003839  0.008610)
 39:    121.49   0.000283    1.43  0.000727  ( 0.011560  0.022851 -0.008418)
 40:    123.28   0.000627    3.17  0.001586  (-0.006881 -0.024286  0.030808)
 41:    125.47   0.000045    0.23  0.000112  (-0.005587 -0.007206  0.005414)
 42:    128.78   0.000124    0.63  0.000300  (-0.006996 -0.015083  0.004864)
 43:    130.55   0.000026    0.13  0.000062  ( 0.002380  0.003119  0.006791)
 44:    135.77   0.000682    3.44  0.001566  ( 0.023748  0.021216 -0.023503)
 45:    137.47   0.001739    8.79  0.003947  (-0.018819 -0.031889  0.050752)
 46:    147.23   0.000142    0.72  0.000301  ( 0.007050 -0.001474 -0.015775)
 47:    148.20   0.000634    3.20  0.001334  (-0.006905 -0.000178  0.035866)
 48:    158.72   0.000093    0.47  0.000183  (-0.003559 -0.008049 -0.010254)
 49:    161.03   0.000116    0.59  0.000225  ( 0.004475 -0.001134 -0.014265)
 50:    172.17   0.000320    1.62  0.000580  (-0.010809  0.002879  0.021324)
 51:    177.07   0.000030    0.15  0.000053  (-0.001345  0.001048  0.007090)
 52:    186.14   0.000649    3.28  0.001088  ( 0.022738 -0.000091  0.023905)
 53:    187.07   0.000686    3.46  0.001144  (-0.025236  0.019089 -0.011936)
 54:    193.79   0.000610    3.08  0.000982  ( 0.013757  0.015903  0.023226)
 55:    200.66   0.000156    0.79  0.000243  ( 0.002344  0.010764  0.011016)
 56:    206.68   0.001731    8.75  0.002614  (-0.021942  0.012457  0.044464)
 57:    227.14   0.000015    0.08  0.000021  (-0.000222 -0.001932  0.004126)
 58:    229.66   0.000009    0.05  0.000013  (-0.000406 -0.000901  0.003432)
 59:    234.98   0.000455    2.30  0.000604  (-0.018906 -0.013681 -0.007733)
 60:    239.37   0.000073    0.37  0.000095  (-0.003592 -0.007146 -0.005544)
 61:    246.35   0.000439    2.22  0.000556  (-0.009226  0.008169  0.020098)
 62:    250.52   0.000211    1.06  0.000262  ( 0.001528  0.001254 -0.016081)
 63:    252.88   0.000197    1.00  0.000243  ( 0.002134 -0.001388 -0.015394)
 64:    258.70   0.000106    0.54  0.000128  ( 0.001166  0.005326 -0.009933)
 65:    263.54   0.000142    0.72  0.000168  ( 0.000567 -0.007649  0.010442)
 66:    266.03   0.000750    3.79  0.000880  ( 0.014057 -0.021180  0.015302)
 67:    268.18   0.000747    3.78  0.000870  (-0.005130  0.018632 -0.022273)
 68:    278.01   0.000417    2.11  0.000468  ( 0.000541  0.009115 -0.019620)
 69:    279.47   0.000913    4.61  0.001019  ( 0.029742 -0.010646 -0.004635)
 70:    281.86   0.000140    0.71  0.000155  (-0.005483 -0.009925  0.005175)
 71:    282.12   0.000160    0.81  0.000177  (-0.004625  0.012274 -0.002180)
 72:    298.11   0.000107    0.54  0.000112  (-0.000740  0.001067 -0.010509)
 73:    300.58   0.000038    0.19  0.000040  (-0.000277 -0.005752  0.002543)
 74:    301.88   0.000335    1.69  0.000346  (-0.008994  0.011271 -0.011746)
 75:    316.60   0.000091    0.46  0.000090  ( 0.004145  0.008522  0.000381)
 76:    320.96   0.001159    5.86  0.001127  (-0.007028  0.030914 -0.011025)
 77:    328.07   0.000571    2.89  0.000544  (-0.013612  0.017354 -0.007560)
 78:    335.95   0.000335    1.69  0.000311  (-0.010302  0.014213  0.001828)
 79:    340.48   0.000121    0.61  0.000111  ( 0.008191  0.006113 -0.002497)
 80:    343.56   0.000126    0.64  0.000114  ( 0.000736 -0.000549  0.010653)
 81:    345.50   0.000135    0.68  0.000122  (-0.005358  0.009381  0.002283)
 82:    353.44   0.001582    7.99  0.001397  (-0.004718  0.024968 -0.027402)
 83:    354.17   0.000365    1.84  0.000321  ( 0.003518  0.001825  0.017486)
 84:    355.03   0.001684    8.51  0.001480  (-0.008844  0.021089 -0.030944)
 85:    374.32   0.001828    9.24  0.001524  (-0.012294 -0.007090 -0.036371)
 86:    382.41   0.002572   13.00  0.002099  (-0.004220 -0.016648  0.042469)
 87:    386.26   0.001050    5.31  0.000848  (-0.001144 -0.013639 -0.025708)
 88:    401.86   0.001487    7.52  0.001155  ( 0.020286  0.010922 -0.024983)
 89:    407.92   0.001243    6.28  0.000951  ( 0.008907  0.004077 -0.029241)
 90:    413.86   0.000779    3.94  0.000587  ( 0.001020  0.014240 -0.019582)
 91:    427.68   0.000447    2.26  0.000326  ( 0.017170  0.004729  0.002952)
 92:    438.91   0.000062    0.31  0.000044  ( 0.000671 -0.006601  0.000019)
 93:    439.58   0.001466    7.41  0.001040  ( 0.006000 -0.001671 -0.031648)
 94:    443.95   0.000075    0.38  0.000053  (-0.003992  0.002585  0.005503)
 95:    449.56   0.000084    0.42  0.000058  ( 0.002030  0.003209 -0.006619)
 96:    450.05   0.000196    0.99  0.000136  ( 0.009617 -0.006085  0.002554)
 97:    475.36   0.003573   18.06  0.002346  ( 0.029553  0.016663 -0.034561)
 98:    479.29   0.001422    7.19  0.000926  (-0.003021 -0.028500  0.010228)
 99:    483.36   0.000510    2.58  0.000329  ( 0.001642 -0.011712  0.013757)
100:    491.28   0.000262    1.32  0.000166  ( 0.009479 -0.005729 -0.006606)
101:    498.25   0.003179   16.06  0.001991  ( 0.039804 -0.016045 -0.012212)
102:    507.13   0.000185    0.93  0.000114  ( 0.007276 -0.007776  0.000660)
103:    510.94   0.000158    0.80  0.000096  ( 0.003750  0.008076 -0.004130)
104:    514.86   0.000677    3.42  0.000410  ( 0.012328  0.003489 -0.015694)
105:    534.17   0.000046    0.23  0.000027  (-0.003340  0.003949  0.000218)
106:    558.92   0.001308    6.61  0.000730  ( 0.009852  0.004041 -0.024837)
107:    578.68   0.009566   48.34  0.005159  (-0.005344 -0.033381  0.063371)
108:    593.72   0.001400    7.07  0.000736  ( 0.007169 -0.004610 -0.025751)
109:    605.20   0.069076  349.08  0.035618  (-0.067201  0.039650 -0.171843)
110:    605.60   0.002536   12.81  0.001307  (-0.023761  0.006765 -0.026386)
111:    617.55   0.000210    1.06  0.000106  (-0.007226 -0.002173  0.007000)
112:    660.02   0.009325   47.13  0.004409  ( 0.015280  0.032116 -0.056073)
113:    673.39   0.000245    1.24  0.000114  ( 0.008306 -0.005435 -0.003885)
114:    683.44   0.007844   39.64  0.003582  (-0.034207 -0.019675  0.044995)
115:    698.96   0.004690   23.70  0.002094  (-0.011307 -0.031211 -0.031495)
116:    709.03   0.031023  156.78  0.013654  ( 0.020583  0.033429 -0.110059)
117:    714.89   0.007143   36.10  0.003118  ( 0.010115  0.020105 -0.051102)
118:    721.48   0.001601    8.09  0.000692  (-0.016264 -0.014487  0.014760)
119:    722.11   0.001839    9.30  0.000795  (-0.013668 -0.012742 -0.021113)
120:    728.02   0.001554    7.85  0.000666  (-0.001465  0.020541  0.015554)
121:    728.72   0.002151   10.87  0.000921  ( 0.012035  0.015406  0.023217)
122:    734.05   0.002975   15.03  0.001265  (-0.006988  0.015170  0.031396)
123:    741.75   0.001090    5.51  0.000459  ( 0.001701  0.009789  0.018968)
124:    747.14   0.000802    4.05  0.000335  (-0.015504  0.009621 -0.001403)
125:    753.75   0.000509    2.57  0.000211  (-0.001726  0.014059 -0.003169)
126:    755.15   0.001735    8.77  0.000717  (-0.002029 -0.020068  0.017607)
127:    758.53   0.000315    1.59  0.000129  ( 0.010410  0.000354 -0.004580)
128:    765.05   0.000206    1.04  0.000084  (-0.005394  0.003798 -0.006376)
129:    767.08   0.000604    3.05  0.000246  (-0.008231 -0.000574  0.013323)
130:    779.30   0.000630    3.18  0.000252  ( 0.002435  0.012075  0.010021)
131:    792.79   0.000778    3.93  0.000306  (-0.011113  0.009378 -0.009743)
132:    796.65   0.003739   18.90  0.001465  (-0.034033  0.006504  0.016256)
133:    798.50   0.001135    5.73  0.000443  (-0.017712 -0.009708 -0.005957)
134:    813.61   0.003794   19.17  0.001455  ( 0.023850  0.008089  0.028654)
135:    823.37   0.000284    1.44  0.000108  ( 0.000203 -0.006598 -0.008011)
136:    828.47   0.000421    2.13  0.000159  ( 0.000471 -0.012589  0.000054)
137:    835.27   0.000007    0.03  0.000003  (-0.000860 -0.000546  0.001228)
138:    835.93   0.000789    3.99  0.000295  ( 0.003728  0.010112  0.013356)
139:    837.60   0.000607    3.07  0.000226  ( 0.008228  0.011177  0.005788)
140:    838.33   0.000989    5.00  0.000368  ( 0.013662 -0.002726 -0.013194)
141:    851.79   0.001059    5.35  0.000388  ( 0.012552 -0.013046 -0.007767)
142:    855.85   0.001084    5.48  0.000395  ( 0.004185  0.013797  0.013682)
143:    862.67   0.000691    3.49  0.000250  (-0.003615  0.014559 -0.004989)
144:    863.28   0.000191    0.96  0.000069  (-0.001836 -0.001848 -0.007882)
145:    865.81   0.000638    3.23  0.000230  (-0.004793 -0.008401 -0.011685)
146:    874.30   0.000935    4.73  0.000334  (-0.012279 -0.007020  0.011567)
147:    885.34   0.000018    0.09  0.000006  (-0.000133 -0.000962 -0.002304)
148:    894.93   0.007928   40.06  0.002765  ( 0.023069 -0.010152  0.046144)
149:    897.75   0.000542    2.74  0.000189  ( 0.004557  0.008254 -0.009982)
150:    902.84   0.001543    7.80  0.000533  ( 0.012708 -0.000506 -0.019277)
151:    907.37   0.000596    3.01  0.000205  ( 0.003111 -0.010930 -0.008703)
152:    915.71   0.001374    6.94  0.000468  (-0.009039  0.005616 -0.018840)
153:    918.75   0.003960   20.01  0.001345  (-0.004965 -0.030487  0.019775)
154:    923.06   0.001959    9.90  0.000662  (-0.007407  0.021989  0.011137)
155:    929.54   0.000028    0.14  0.000009  (-0.001384 -0.002031 -0.001858)
156:    935.82   0.000580    2.93  0.000194  (-0.011956  0.006685  0.002435)
157:    940.03   0.001634    8.26  0.000542  (-0.003250  0.022255  0.006052)
158:    943.22   0.005860   29.62  0.001939  (-0.025267  0.034561 -0.010295)
159:    950.15   0.003122   15.78  0.001025  ( 0.020485 -0.022703  0.009500)
160:    950.43   0.000186    0.94  0.000061  ( 0.002765 -0.000760 -0.007276)
161:    964.55   0.000015    0.07  0.000005  ( 0.002054  0.000484  0.000507)
162:    966.16   0.000107    0.54  0.000035  (-0.002679 -0.001142 -0.005110)
163:    973.03   0.000206    1.04  0.000066  (-0.005413  0.005802  0.001782)
164:    974.57   0.000429    2.17  0.000137  (-0.003088  0.002467  0.011031)
165:    976.53   0.000240    1.21  0.000077  ( 0.005415 -0.002780 -0.006293)
166:    979.10   0.000193    0.97  0.000061  (-0.003234  0.006587 -0.002758)
167:    986.51   0.000959    4.84  0.000303  (-0.006463  0.014353 -0.007449)
168:    996.80   0.000250    1.26  0.000078  (-0.007896  0.001360  0.003752)
169:    997.92   0.000739    3.73  0.000231  (-0.011181 -0.005010  0.008993)
170:    999.71   0.003720   18.80  0.001161  (-0.015214  0.022693  0.020363)
171:   1002.08   0.003526   17.82  0.001098  ( 0.005613 -0.007834  0.031703)
172:   1006.84   0.000391    1.97  0.000121  (-0.000954 -0.004124  0.010157)
173:   1008.93   0.020322  102.70  0.006286  (-0.067144 -0.022514  0.035643)
174:   1009.61   0.004779   24.15  0.001477  ( 0.032919  0.010611 -0.016757)
175:   1011.92   0.000079    0.40  0.000024  ( 0.004668 -0.000145 -0.001620)
176:   1017.76   0.003056   15.45  0.000937  (-0.013328 -0.023749 -0.013981)
177:   1021.49   0.049148  248.37  0.015015  ( 0.007781 -0.007217  0.122074)
178:   1035.50   0.000747    3.77  0.000225  (-0.004193  0.014385 -0.000723)
179:   1036.71   0.000073    0.37  0.000022  ( 0.002527  0.002990 -0.002572)
180:   1038.95   0.000067    0.34  0.000020  (-0.000357  0.004083  0.001782)
181:   1039.40   0.000696    3.52  0.000209  ( 0.006148 -0.012568 -0.003649)
182:   1041.70   0.000214    1.08  0.000064  (-0.004707  0.002871 -0.005795)
183:   1044.51   0.000501    2.53  0.000150  (-0.003609  0.011690 -0.000283)
184:   1045.46   0.000065    0.33  0.000019  ( 0.001779 -0.003495  0.001981)
185:   1048.90   0.000057    0.29  0.000017  ( 0.000912  0.002641 -0.003020)
186:   1053.23   0.000043    0.22  0.000013  (-0.000764  0.000871  0.003367)
187:   1054.84   0.000900    4.55  0.000266  ( 0.013497 -0.008573 -0.003254)
188:   1058.12   0.014763   74.61  0.004354  (-0.045305  0.047933 -0.001991)
189:   1059.77   0.005694   28.78  0.001677  (-0.039651  0.009684 -0.003271)
190:   1064.69   0.000442    2.23  0.000130  (-0.010658  0.002936 -0.002712)
191:   1065.89   0.005388   27.23  0.001577  (-0.025159  0.024749 -0.018220)
192:   1068.82   0.000026    0.13  0.000008  ( 0.002269  0.001138  0.001029)
193:   1070.70   0.004353   22.00  0.001269  (-0.002631  0.035153 -0.005105)
194:   1082.47   0.000309    1.56  0.000089  ( 0.006916 -0.004529 -0.004551)
195:   1085.25   0.003763   19.02  0.001082  (-0.000037 -0.031558 -0.009277)
196:   1096.27   0.000151    0.76  0.000043  (-0.001215 -0.003578 -0.005360)
197:   1102.68   0.001466    7.41  0.000415  (-0.012083  0.016291  0.001859)
198:   1104.70   0.020555  103.88  0.005807  (-0.030666  0.064599  0.026327)
199:   1106.95   0.003484   17.61  0.000982  (-0.028359  0.013148  0.002287)
200:   1108.76   0.000975    4.93  0.000275  ( 0.005256 -0.012820  0.009086)
201:   1113.69   0.008860   44.77  0.002483  (-0.027882  0.036855  0.018627)
202:   1120.28   0.014902   75.31  0.004151  ( 0.017780 -0.055613 -0.027242)
203:   1122.10   0.002634   13.31  0.000733  ( 0.011152 -0.022726  0.009578)
204:   1124.33   0.024523  123.93  0.006806  ( 0.068667 -0.040933 -0.020393)
205:   1134.86   0.018162   91.78  0.004994  ( 0.013021 -0.066181 -0.021086)
206:   1138.15   0.015131   76.47  0.004149  ( 0.020673  0.052078  0.031769)
207:   1153.87   0.008695   43.94  0.002352  ( 0.047339  0.003836 -0.009791)
208:   1156.31   0.001611    8.14  0.000435  ( 0.009062  0.018664 -0.002064)
209:   1160.55   0.001143    5.78  0.000307  (-0.014724  0.002314  0.009233)
210:   1164.19   0.001109    5.60  0.000297  ( 0.001994  0.015035  0.008199)
211:   1175.81   0.000127    0.64  0.000034  ( 0.002631  0.002392 -0.004601)
212:   1182.67   0.000672    3.40  0.000177  (-0.001142 -0.012690 -0.003885)
213:   1188.80   0.007963   40.24  0.002090  ( 0.018864 -0.033712  0.024453)
214:   1194.14   0.000424    2.14  0.000111  (-0.008080 -0.006734 -0.000340)
215:   1194.88   0.000742    3.75  0.000194  ( 0.007696 -0.005684 -0.010118)
216:   1202.76   0.000055    0.28  0.000014  ( 0.001762 -0.003237  0.000809)
217:   1211.11   0.000069    0.35  0.000018  ( 0.003414 -0.002195 -0.001124)
218:   1220.73   0.000307    1.55  0.000079  ( 0.003795  0.007920  0.001198)
219:   1225.82   0.034236  173.01  0.008716  ( 0.042908 -0.082811  0.004096)
220:   1228.20   0.003190   16.12  0.000811  ( 0.000042 -0.028431  0.001495)
221:   1228.97   0.000364    1.84  0.000093  ( 0.000945  0.008909  0.003504)
222:   1234.66   0.000637    3.22  0.000161  (-0.004435 -0.009157 -0.007583)
223:   1236.71   0.000316    1.60  0.000080  (-0.002201 -0.007853 -0.003644)
224:   1237.03   0.001448    7.32  0.000365  ( 0.004673 -0.017393  0.006406)
225:   1241.34   0.001335    6.75  0.000336  ( 0.015249 -0.009214  0.004263)
226:   1242.69   0.006633   33.52  0.001666  ( 0.021465 -0.033658 -0.008487)
227:   1248.41   0.000611    3.09  0.000153  ( 0.004267 -0.006311  0.009732)
228:   1249.14   0.002486   12.56  0.000621  (-0.017715  0.016990  0.004313)
229:   1251.09   0.000345    1.74  0.000086  ( 0.009096 -0.000808  0.001608)
230:   1251.99   0.000512    2.59  0.000128  ( 0.010643  0.003163  0.002094)
231:   1255.37   0.000408    2.06  0.000101  (-0.002878  0.008672  0.004242)
232:   1264.33   0.002206   11.15  0.000545  ( 0.022188 -0.004244  0.005846)
233:   1264.54   0.001384    6.99  0.000341  (-0.011056  0.014765  0.001121)
234:   1267.09   0.000861    4.35  0.000212  ( 0.007046 -0.002807 -0.012431)
235:   1267.70   0.000576    2.91  0.000142  ( 0.001489  0.011544 -0.002511)
236:   1270.08   0.000316    1.60  0.000078  ( 0.002088  0.005899 -0.006212)
237:   1273.31   0.002981   15.07  0.000731  ( 0.009833 -0.020232 -0.014990)
238:   1274.02   0.003785   19.13  0.000927  (-0.004743  0.029751  0.004400)
239:   1275.73   0.000091    0.46  0.000022  (-0.003558 -0.003076 -0.000384)
240:   1278.17   0.001062    5.37  0.000259  ( 0.001043  0.012932  0.009536)
241:   1286.99   0.002277   11.51  0.000552  ( 0.008764  0.003796  0.021468)
242:   1287.35   0.001261    6.37  0.000306  (-0.005170 -0.013566 -0.009746)
243:   1287.90   0.000220    1.11  0.000053  ( 0.003604  0.006015 -0.002006)
244:   1288.85   0.000053    0.27  0.000013  (-0.000116 -0.002309  0.002754)
245:   1289.53   0.000047    0.24  0.000011  (-0.002225  0.001581  0.001953)
246:   1290.81   0.000635    3.21  0.000154  ( 0.011566 -0.003125  0.003172)
247:   1293.53   0.000349    1.76  0.000084  (-0.007440 -0.000704  0.005319)
248:   1295.21   0.001192    6.02  0.000287  (-0.010054  0.013343  0.002823)
249:   1298.96   0.002939   14.85  0.000706  ( 0.002969  0.024411  0.010065)
250:   1300.56   0.001814    9.16  0.000435  ( 0.009405  0.011893 -0.014327)
251:   1303.54   0.000394    1.99  0.000094  ( 0.000136  0.006841  0.006889)
252:   1310.13   0.002848   14.39  0.000678  (-0.018973  0.017716  0.002113)
253:   1310.66   0.000109    0.55  0.000026  ( 0.004900 -0.000052 -0.001357)
254:   1311.17   0.000099    0.50  0.000024  ( 0.000153 -0.001697 -0.004540)
255:   1314.34   0.000163    0.82  0.000039  (-0.004944 -0.003155 -0.002088)
256:   1317.52   0.000617    3.12  0.000146  ( 0.011276 -0.000200  0.004346)
257:   1328.84   0.001173    5.93  0.000275  ( 0.009447 -0.012893  0.004457)
258:   1329.80   0.001092    5.52  0.000256  ( 0.014161 -0.003773 -0.006436)
259:   1329.97   0.003220   16.27  0.000756  ( 0.005345 -0.026331 -0.005799)
260:   1334.20   0.000281    1.42  0.000066  (-0.004027  0.000934 -0.006973)
261:   1337.19   0.000586    2.96  0.000137  ( 0.006288  0.009786 -0.001227)
262:   1337.39   0.000138    0.70  0.000032  (-0.005490  0.001163  0.000824)
263:   1337.88   0.000424    2.15  0.000099  ( 0.005295  0.008396  0.000698)
264:   1339.58   0.001405    7.10  0.000327  ( 0.014647  0.009896 -0.003850)
265:   1348.35   0.000747    3.78  0.000173  (-0.002148  0.012683 -0.002730)
266:   1349.61   0.000666    3.37  0.000154  (-0.011263  0.000939 -0.005127)
267:   1352.32   0.002771   14.00  0.000639  (-0.006059 -0.015487 -0.019049)
268:   1353.87   0.000070    0.35  0.000016  (-0.003538 -0.000025  0.001895)
269:   1357.02   0.005039   25.47  0.001159  (-0.008163  0.024139 -0.022572)
270:   1357.10   0.000145    0.73  0.000033  ( 0.001540 -0.005565 -0.000107)
271:   1358.68   0.001589    8.03  0.000365  ( 0.006274  0.016204  0.007940)
272:   1360.08   0.000266    1.35  0.000061  (-0.006906  0.003053  0.002022)
273:   1361.87   0.004205   21.25  0.000963  (-0.020260 -0.014003 -0.018892)
274:   1362.82   0.000717    3.62  0.000164  ( 0.008778  0.005474  0.007559)
275:   1363.23   0.001388    7.02  0.000318  (-0.001429 -0.017710  0.001446)
276:   1365.47   0.002269   11.46  0.000518  ( 0.003370 -0.021892 -0.005276)
277:   1369.36   0.006177   31.22  0.001408  (-0.035646  0.011132 -0.003629)
278:   1379.73   0.000753    3.81  0.000170  ( 0.004092  0.000357  0.012390)
279:   1381.33   0.000615    3.11  0.000139  ( 0.006469 -0.009853 -0.000060)
280:   1383.35   0.003996   20.20  0.000902  ( 0.001008  0.010924 -0.027949)
281:   1386.86   0.000931    4.70  0.000209  (-0.014001 -0.003615  0.000546)
282:   1391.09   0.000230    1.16  0.000051  (-0.001061 -0.007096  0.000071)
283:   1393.15   0.000151    0.76  0.000034  (-0.002512 -0.001725  0.004948)
284:   1395.57   0.002999   15.16  0.000671  (-0.020370  0.006993 -0.014381)
285:   1407.00   0.001618    8.18  0.000359  ( 0.003857  0.009440 -0.015967)
286:   1408.64   0.001931    9.76  0.000428  ( 0.002505  0.007655 -0.019052)
287:   1408.83   0.000196    0.99  0.000043  (-0.004252  0.003607 -0.003497)
288:   1412.93   0.001684    8.51  0.000372  (-0.009268 -0.012427 -0.011473)
289:   1414.39   0.000775    3.92  0.000171  (-0.004221 -0.001843  0.012239)
290:   1415.47   0.000555    2.80  0.000122  (-0.005805 -0.009165  0.002147)
291:   1415.61   0.002269   11.47  0.000500  (-0.014738 -0.015050  0.007520)
292:   1416.27   0.000603    3.05  0.000133  (-0.005530  0.009815 -0.002444)
293:   1416.47   0.000287    1.45  0.000063  (-0.003977 -0.002354 -0.006478)
294:   1417.69   0.000316    1.59  0.000069  ( 0.000205 -0.002479  0.007955)
295:   1418.38   0.000989    5.00  0.000218  (-0.007619 -0.005727 -0.011255)
296:   1419.10   0.000169    0.85  0.000037  ( 0.003156  0.002698 -0.004455)
297:   1419.93   0.000614    3.10  0.000135  (-0.007905  0.007785  0.003456)
298:   1421.11   0.000366    1.85  0.000080  (-0.008135 -0.000021 -0.003770)
299:   1421.93   0.000090    0.45  0.000020  (-0.003438 -0.001683 -0.002248)
300:   1422.72   0.002776   14.03  0.000609  ( 0.008223  0.022882 -0.004199)
301:   1423.95   0.000219    1.11  0.000048  (-0.003494  0.003209 -0.005054)
302:   1425.73   0.000949    4.79  0.000208  ( 0.013414 -0.002990  0.004331)
303:   1426.02   0.000115    0.58  0.000025  (-0.003202 -0.002783 -0.002672)
304:   1427.53   0.000263    1.33  0.000058  ( 0.006951  0.002663 -0.001464)
305:   1427.64   0.000379    1.92  0.000083  (-0.005030 -0.006762 -0.003441)
306:   1428.36   0.000631    3.19  0.000138  ( 0.005678  0.006379  0.008052)
307:   1428.41   0.000239    1.21  0.000052  ( 0.004479 -0.005612 -0.000796)
308:   1429.66   0.000319    1.61  0.000070  (-0.000132  0.004214  0.007197)
309:   1432.33   0.000387    1.96  0.000084  (-0.008652 -0.001718 -0.002563)
310:   1432.35   0.000083    0.42  0.000018  (-0.002668  0.002459  0.002207)
311:   1432.69   0.000322    1.63  0.000070  (-0.006969 -0.002975 -0.003577)
312:   1434.06   0.000473    2.39  0.000103  ( 0.010139  0.000258 -0.000339)
313:   1436.45   0.001362    6.88  0.000296  ( 0.016623 -0.003171  0.003089)
314:   1437.26   0.000256    1.29  0.000056  ( 0.000348 -0.007145 -0.002109)
315:   1437.71   0.000581    2.94  0.000126  (-0.003762 -0.001371  0.010491)
316:   1439.62   0.001231    6.22  0.000267  ( 0.008741  0.006817 -0.012001)
317:   1439.99   0.000674    3.41  0.000146  ( 0.011863  0.001261 -0.001927)
318:   1441.12   0.000468    2.36  0.000101  (-0.004811  0.004866 -0.007376)
319:   1444.53   0.001003    5.07  0.000217  ( 0.007092 -0.009693  0.008509)
320:   1445.40   0.000103    0.52  0.000022  (-0.004061 -0.001429  0.001949)
321:   1446.15   0.000676    3.41  0.000146  (-0.009298  0.002460 -0.007298)
322:   1447.82   0.001262    6.38  0.000272  ( 0.003848  0.009966 -0.012562)
323:   1447.91   0.006370   32.19  0.001373  ( 0.010155  0.023733 -0.026582)
324:   1456.45   0.002748   13.89  0.000589  ( 0.013601 -0.003619  0.019768)
325:   1471.39   0.013106   66.23  0.002780  ( 0.025207 -0.002515 -0.046238)
326:   1661.17   0.000457    2.31  0.000086  ( 0.001807 -0.008157  0.004009)
327:   1666.89   0.000175    0.88  0.000033  (-0.003298  0.003540 -0.003044)
328:   1746.45   0.035428  179.04  0.006330  (-0.010915 -0.073877  0.027450)
329:   1749.90   0.041275  208.58  0.007361  (-0.074236  0.031995 -0.028739)
330:   2880.00   0.007907   39.96  0.000857  (-0.025436  0.011232 -0.009142)
331:   2899.60   0.002927   14.79  0.000315  ( 0.003445 -0.015668 -0.007593)
332:   2899.93   0.003968   20.05  0.000427  ( 0.011632 -0.001236  0.017036)
333:   2901.00   0.004516   22.82  0.000486  ( 0.007460 -0.020213 -0.004644)
334:   2901.18   0.001382    6.99  0.000149  ( 0.002127 -0.007348 -0.009495)
335:   2902.06   0.000172    0.87  0.000019  (-0.002669  0.003184  0.001121)
336:   2902.75   0.000303    1.53  0.000033  (-0.004200  0.003486 -0.001682)
337:   2904.45   0.000846    4.27  0.000091  (-0.007299  0.006027 -0.001124)
338:   2905.51   0.003189   16.12  0.000343  (-0.012909 -0.001520 -0.013176)
339:   2905.77   0.001849    9.34  0.000199  ( 0.007547 -0.011725  0.002026)
340:   2906.28   0.002264   11.44  0.000243  ( 0.013011 -0.008340  0.002057)
341:   2908.83   0.001886    9.53  0.000202  (-0.014067 -0.001717 -0.001219)
342:   2909.91   0.008317   42.03  0.000892  (-0.005807  0.008669 -0.027983)
343:   2910.46   0.004757   24.04  0.000510  ( 0.007287  0.020955 -0.004228)
344:   2910.77   0.004834   24.43  0.000518  (-0.005353 -0.020782  0.007595)
345:   2913.28   0.010793   54.54  0.001156  (-0.022320  0.003907  0.025351)
346:   2914.17   0.006783   34.28  0.000726  (-0.022690 -0.004269  0.013903)
347:   2914.89   0.013139   66.40  0.001407  (-0.010155 -0.034509  0.010615)
348:   2916.04   0.004690   23.70  0.000502  (-0.013370 -0.005395  0.017148)
349:   2918.76   0.011974   60.51  0.001280  (-0.029215  0.019733 -0.006111)
350:   2921.77   0.008313   42.01  0.000888  ( 0.007661  0.011428  0.026431)
351:   2921.98   0.006809   34.41  0.000727  ( 0.012897  0.003446  0.023430)
352:   2924.35   0.008860   44.77  0.000945  ( 0.014506 -0.003098 -0.026933)
353:   2925.86   0.000785    3.97  0.000084  (-0.008160  0.004140  0.000089)
354:   2925.88   0.004827   24.39  0.000515  ( 0.009917 -0.015307  0.013497)
355:   2926.73   0.010096   51.02  0.001076  (-0.025230 -0.006967  0.019783)
356:   2929.68   0.004740   23.95  0.000505  (-0.004087  0.017131  0.013954)
357:   2930.70   0.000431    2.18  0.000046  ( 0.003461  0.004957  0.003051)
358:   2932.61   0.004179   21.12  0.000445  (-0.009894 -0.005848  0.017682)
359:   2936.64   0.002080   10.51  0.000221  (-0.009739  0.004838  0.010141)
360:   2936.87   0.001562    7.89  0.000166  (-0.001849  0.006725 -0.010831)
361:   2937.51   0.000439    2.22  0.000047  ( 0.000073 -0.000588 -0.006803)
362:   2938.56   0.000766    3.87  0.000081  (-0.005568 -0.006933  0.001509)
363:   2939.67   0.002273   11.49  0.000241  ( 0.013223 -0.001216  0.008061)
364:   2940.49   0.007237   36.58  0.000768  ( 0.014565 -0.010158 -0.021278)
365:   2942.57   0.001455    7.35  0.000154  ( 0.010785 -0.005137 -0.003404)
366:   2944.28   0.003444   17.41  0.000365  (-0.002735 -0.011726  0.014835)
367:   2944.46   0.004911   24.82  0.000520  (-0.014426  0.005429  0.016819)
368:   2946.49   0.009952   50.29  0.001054  ( 0.030320 -0.011256 -0.002826)
369:   2947.44   0.001073    5.42  0.000114  (-0.005660 -0.008829  0.001887)
370:   2947.65   0.002973   15.02  0.000315  ( 0.017370  0.001386  0.003330)
371:   2947.88   0.009298   46.99  0.000984  (-0.013786  0.021667 -0.018022)
372:   2949.32   0.002871   14.51  0.000304  (-0.008008 -0.015473 -0.000479)
373:   2951.22   0.000884    4.47  0.000093  ( 0.003786  0.004470 -0.007693)
374:   2954.05   0.010627   53.71  0.001123  ( 0.012037 -0.010306  0.029523)
375:   2954.56   0.005407   27.32  0.000571  (-0.010554  0.018439 -0.010938)
376:   2957.06   0.005372   27.15  0.000567  (-0.008255 -0.013134 -0.018064)
377:   2957.86   0.003094   15.64  0.000326  ( 0.015428  0.008981 -0.002788)
378:   2958.17   0.002355   11.90  0.000248  ( 0.011812 -0.001009  0.010385)
379:   2960.15   0.001352    6.83  0.000142  ( 0.001338 -0.009652  0.006895)
380:   2960.97   0.005165   26.10  0.000544  (-0.020850  0.008145  0.006581)
381:   2962.39   0.003004   15.18  0.000316  ( 0.016580 -0.006289 -0.001402)
382:   2964.47   0.002735   13.82  0.000288  (-0.011676 -0.002217  0.012110)
383:   2965.45   0.000575    2.90  0.000060  ( 0.004446  0.004738  0.004271)
384:   2968.53   0.000537    2.71  0.000056  ( 0.000112 -0.001752  0.007303)
385:   2970.03   0.002556   12.92  0.000269  ( 0.005152  0.002435 -0.015364)
386:   2972.26   0.032025  161.84  0.003362  ( 0.011394  0.005928  0.056546)
387:   2972.32   0.006813   34.43  0.000715  (-0.017226 -0.020398 -0.001586)
388:   2973.86   0.014504   73.30  0.001522  (-0.018403  0.024047  0.024597)
389:   2974.74   0.020952  105.89  0.002198  ( 0.030426 -0.030600 -0.018327)
390:   2977.95   0.002643   13.36  0.000277  (-0.015874  0.004534 -0.002097)
391:   2980.97   0.003617   18.28  0.000379  ( 0.005646  0.010337  0.015488)
392:   2982.31   0.001683    8.50  0.000176  (-0.010332  0.000259  0.008323)
393:   2985.55   0.015036   75.99  0.001572  (-0.025203  0.013868 -0.027278)
394:   2985.69   0.002774   14.02  0.000290  (-0.012627 -0.002344  0.011182)
395:   2994.05   0.006693   33.82  0.000698  (-0.011503  0.003846 -0.023462)
396:   2995.00   0.002678   13.54  0.000279  ( 0.014364  0.004207 -0.007420)
397:   2996.35   0.002708   13.68  0.000282  (-0.015310 -0.006239 -0.002949)
398:   2999.36   0.006680   33.76  0.000695  ( 0.003767 -0.015908  0.020682)
399:   3002.62   0.007460   37.70  0.000775  ( 0.014042  0.023378 -0.005621)
400:   3005.64   0.002315   11.70  0.000240  ( 0.013117  0.002554 -0.007859)
401:   3007.19   0.004518   22.83  0.000469  (-0.020194 -0.006852  0.003760)
402:   3015.74   0.002282   11.53  0.000236  ( 0.000508  0.015334  0.000841)
403:   3017.79   0.002506   12.66  0.000259  (-0.015445 -0.003013  0.003391)
404:   3026.86   0.001102    5.57  0.000114  (-0.007833  0.005724 -0.004412)
405:   3027.89   0.007641   38.62  0.000788  (-0.019092  0.005366 -0.019856)
406:   3037.20   0.001426    7.21  0.000147  (-0.002361 -0.001246  0.011808)
407:   3044.42   0.006092   30.79  0.000624  ( 0.012001  0.019474 -0.010061)
408:   3059.73   0.000115    0.58  0.000012  ( 0.003101 -0.001403 -0.000342)
409:   3065.30   0.001250    6.32  0.000127  ( 0.009857 -0.002981 -0.004601)
410:   3072.32   0.000506    2.56  0.000051  (-0.002483  0.002968 -0.006034)
411:   3078.85   0.001216    6.15  0.000123  (-0.002826  0.008415 -0.006668)
412:   3088.34   0.000747    3.77  0.000075  ( 0.002137  0.005386 -0.006470)
413:   3099.62   0.002413   12.19  0.000243  (-0.005614 -0.012263  0.007812)
